512 2187
0 1 2 243 244 245 270 271 272 27 28 29 3 4 5 246 247 248 273 274 275 30 31 32 
243 244 245 486 487 488 513 514 515 270 271 272 246 247 248 489 490 491 516 517 518 273 274 275 
486 487 488 729 730 731 756 757 758 513 514 515 489 490 491 732 733 734 759 760 761 516 517 518 
729 730 731 972 973 974 999 1000 1001 756 757 758 732 733 734 975 976 977 1002 1003 1004 759 760 761 
972 973 974 1215 1216 1217 1242 1243 1244 999 1000 1001 975 976 977 1218 1219 1220 1245 1246 1247 1002 1003 1004 
1215 1216 1217 1458 1459 1460 1485 1486 1487 1242 1243 1244 1218 1219 1220 1461 1462 1463 1488 1489 1490 1245 1246 1247 
1458 1459 1460 1701 1702 1703 1728 1729 1730 1485 1486 1487 1461 1462 1463 1704 1705 1706 1731 1732 1733 1488 1489 1490 
1701 1702 1703 1944 1945 1946 1971 1972 1973 1728 1729 1730 1704 1705 1706 1947 1948 1949 1974 1975 1976 1731 1732 1733 
27 28 29 270 271 272 297 298 299 54 55 56 30 31 32 273 274 275 300 301 302 57 58 59 
270 271 272 513 514 515 540 541 542 297 298 299 273 274 275 516 517 518 543 544 545 300 301 302 
513 514 515 756 757 758 783 784 785 540 541 542 516 517 518 759 760 761 786 787 788 543 544 545 
756 757 758 999 1000 1001 1026 1027 1028 783 784 785 759 760 761 1002 1003 1004 1029 1030 1031 786 787 788 
999 1000 1001 1242 1243 1244 1269 1270 1271 1026 1027 1028 1002 1003 1004 1245 1246 1247 1272 1273 1274 1029 1030 1031 
1242 1243 1244 1485 1486 1487 1512 1513 1514 1269 1270 1271 1245 1246 1247 1488 1489 1490 1515 1516 1517 1272 1273 1274 
1485 1486 1487 1728 1729 1730 1755 1756 1757 1512 1513 1514 1488 1489 1490 1731 1732 1733 1758 1759 1760 1515 1516 1517 
1728 1729 1730 1971 1972 1973 1998 1999 2000 1755 1756 1757 1731 1732 1733 1974 1975 1976 2001 2002 2003 1758 1759 1760 
54 55 56 297 298 299 324 325 326 81 82 83 57 58 59 300 301 302 327 328 329 84 85 86 
297 298 299 540 541 542 567 568 569 324 325 326 300 301 302 543 544 545 570 571 572 327 328 329 
540 541 542 783 784 785 810 811 812 567 568 569 543 544 545 786 787 788 813 814 815 570 571 572 
783 784 785 1026 1027 1028 1053 1054 1055 810 811 812 786 787 788 1029 1030 1031 1056 1057 1058 813 814 815 
1026 1027 1028 1269 1270 1271 1296 1297 1298 1053 1054 1055 1029 1030 1031 1272 1273 1274 1299 1300 1301 1056 1057 1058 
1269 1270 1271 1512 1513 1514 1539 1540 1541 1296 1297 1298 1272 1273 1274 1515 1516 1517 1542 1543 1544 1299 1300 1301 
1512 1513 1514 1755 1756 1757 1782 1783 1784 1539 1540 1541 1515 1516 1517 1758 1759 1760 1785 1786 1787 1542 1543 1544 
1755 1756 1757 1998 1999 2000 2025 2026 2027 1782 1783 1784 1758 1759 1760 2001 2002 2003 2028 2029 2030 1785 1786 1787 
81 82 83 324 325 326 351 352 353 108 109 110 84 85 86 327 328 329 354 355 356 111 112 113 
324 325 326 567 568 569 594 595 596 351 352 353 327 328 329 570 571 572 597 598 599 354 355 356 
567 568 569 810 811 812 837 838 839 594 595 596 570 571 572 813 814 815 840 841 842 597 598 599 
810 811 812 1053 1054 1055 1080 1081 1082 837 838 839 813 814 815 1056 1057 1058 1083 1084 1085 840 841 842 
1053 1054 1055 1296 1297 1298 1323 1324 1325 1080 1081 1082 1056 1057 1058 1299 1300 1301 1326 1327 1328 1083 1084 1085 
1296 1297 1298 1539 1540 1541 1566 1567 1568 1323 1324 1325 1299 1300 1301 1542 1543 1544 1569 1570 1571 1326 1327 1328 
1539 1540 1541 1782 1783 1784 1809 1810 1811 1566 1567 1568 1542 1543 1544 1785 1786 1787 1812 1813 1814 1569 1570 1571 
1782 1783 1784 2025 2026 2027 2052 2053 2054 1809 1810 1811 1785 1786 1787 2028 2029 2030 2055 2056 2057 1812 1813 1814 
108 109 110 351 352 353 378 379 380 135 136 137 111 112 113 354 355 356 381 382 383 138 139 140 
351 352 353 594 595 596 621 622 623 378 379 380 354 355 356 597 598 599 624 625 626 381 382 383 
594 595 596 837 838 839 864 865 866 621 622 623 597 598 599 840 841 842 867 868 869 624 625 626 
837 838 839 1080 1081 1082 1107 1108 1109 864 865 866 840 841 842 1083 1084 1085 1110 1111 1112 867 868 869 
1080 1081 1082 1323 1324 1325 1350 1351 1352 1107 1108 1109 1083 1084 1085 1326 1327 1328 1353 1354 1355 1110 1111 1112 
1323 1324 1325 1566 1567 1568 1593 1594 1595 1350 1351 1352 1326 1327 1328 1569 1570 1571 1596 1597 1598 1353 1354 1355 
1566 1567 1568 1809 1810 1811 1836 1837 1838 1593 1594 1595 1569 1570 1571 1812 1813 1814 1839 1840 1841 1596 1597 1598 
1809 1810 1811 2052 2053 2054 2079 2080 2081 1836 1837 1838 1812 1813 1814 2055 2056 2057 2082 2083 2084 1839 1840 1841 
135 136 137 378 379 380 405 406 407 162 163 164 138 139 140 381 382 383 408 409 410 165 166 167 
378 379 380 621 622 623 648 649 650 405 406 407 381 382 383 624 625 626 651 652 653 408 409 410 
621 622 623 864 865 866 891 892 893 648 649 650 624 625 626 867 868 869 894 895 896 651 652 653 
864 865 866 1107 1108 1109 1134 1135 1136 891 892 893 867 868 869 1110 1111 1112 1137 1138 1139 894 895 896 
1107 1108 1109 1350 1351 1352 1377 1378 1379 1134 1135 1136 1110 1111 1112 1353 1354 1355 1380 1381 1382 1137 1138 1139 
1350 1351 1352 1593 1594 1595 1620 1621 1622 1377 1378 1379 1353 1354 1355 1596 1597 1598 1623 1624 1625 1380 1381 1382 
1593 1594 1595 1836 1837 1838 1863 1864 1865 1620 1621 1622 1596 1597 1598 1839 1840 1841 1866 1867 1868 1623 1624 1625 
1836 1837 1838 2079 2080 2081 2106 2107 2108 1863 1864 1865 1839 1840 1841 2082 2083 2084 2109 2110 2111 1866 1867 1868 
162 163 164 405 406 407 432 433 434 189 190 191 165 166 167 408 409 410 435 436 437 192 193 194 
405 406 407 648 649 650 675 676 677 432 433 434 408 409 410 651 652 653 678 679 680 435 436 437 
648 649 650 891 892 893 918 919 920 675 676 677 651 652 653 894 895 896 921 922 923 678 679 680 
891 892 893 1134 1135 1136 1161 1162 1163 918 919 920 894 895 896 1137 1138 1139 1164 1165 1166 921 922 923 
1134 1135 1136 1377 1378 1379 1404 1405 1406 1161 1162 1163 1137 1138 1139 1380 1381 1382 1407 1408 1409 1164 1165 1166 
1377 1378 1379 1620 1621 1622 1647 1648 1649 1404 1405 1406 1380 1381 1382 1623 1624 1625 1650 1651 1652 1407 1408 1409 
1620 1621 1622 1863 1864 1865 1890 1891 1892 1647 1648 1649 1623 1624 1625 1866 1867 1868 1893 1894 1895 1650 1651 1652 
1863 1864 1865 2106 2107 2108 2133 2134 2135 1890 1891 1892 1866 1867 1868 2109 2110 2111 2136 2137 2138 1893 1894 1895 
189 190 191 432 433 434 459 460 461 216 217 218 192 193 194 435 436 437 462 463 464 219 220 221 
432 433 434 675 676 677 702 703 704 459 460 461 435 436 437 678 679 680 705 706 707 462 463 464 
675 676 677 918 919 920 945 946 947 702 703 704 678 679 680 921 922 923 948 949 950 705 706 707 
918 919 920 1161 1162 1163 1188 1189 1190 945 946 947 921 922 923 1164 1165 1166 1191 1192 1193 948 949 950 
1161 1162 1163 1404 1405 1406 1431 1432 1433 1188 1189 1190 1164 1165 1166 1407 1408 1409 1434 1435 1436 1191 1192 1193 
1404 1405 1406 1647 1648 1649 1674 1675 1676 1431 1432 1433 1407 1408 1409 1650 1651 1652 1677 1678 1679 1434 1435 1436 
1647 1648 1649 1890 1891 1892 1917 1918 1919 1674 1675 1676 1650 1651 1652 1893 1894 1895 1920 1921 1922 1677 1678 1679 
1890 1891 1892 2133 2134 2135 2160 2161 2162 1917 1918 1919 1893 1894 1895 2136 2137 2138 2163 2164 2165 1920 1921 1922 
3 4 5 246 247 248 273 274 275 30 31 32 6 7 8 249 250 251 276 277 278 33 34 35 
246 247 248 489 490 491 516 517 518 273 274 275 249 250 251 492 493 494 519 520 521 276 277 278 
489 490 491 732 733 734 759 760 761 516 517 518 492 493 494 735 736 737 762 763 764 519 520 521 
732 733 734 975 976 977 1002 1003 1004 759 760 761 735 736 737 978 979 980 1005 1006 1007 762 763 764 
975 976 977 1218 1219 1220 1245 1246 1247 1002 1003 1004 978 979 980 1221 1222 1223 1248 1249 1250 1005 1006 1007 
1218 1219 1220 1461 1462 1463 1488 1489 1490 1245 1246 1247 1221 1222 1223 1464 1465 1466 1491 1492 1493 1248 1249 1250 
1461 1462 1463 1704 1705 1706 1731 1732 1733 1488 1489 1490 1464 1465 1466 1707 1708 1709 1734 1735 1736 1491 1492 1493 
1704 1705 1706 1947 1948 1949 1974 1975 1976 1731 1732 1733 1707 1708 1709 1950 1951 1952 1977 1978 1979 1734 1735 1736 
30 31 32 273 274 275 300 301 302 57 58 59 33 34 35 276 277 278 303 304 305 60 61 62 
273 274 275 516 517 518 543 544 545 300 301 302 276 277 278 519 520 521 546 547 548 303 304 305 
516 517 518 759 760 761 786 787 788 543 544 545 519 520 521 762 763 764 789 790 791 546 547 548 
759 760 761 1002 1003 1004 1029 1030 1031 786 787 788 762 763 764 1005 1006 1007 1032 1033 1034 789 790 791 
1002 1003 1004 1245 1246 1247 1272 1273 1274 1029 1030 1031 1005 1006 1007 1248 1249 1250 1275 1276 1277 1032 1033 1034 
1245 1246 1247 1488 1489 1490 1515 1516 1517 1272 1273 1274 1248 1249 1250 1491 1492 1493 1518 1519 1520 1275 1276 1277 
1488 1489 1490 1731 1732 1733 1758 1759 1760 1515 1516 1517 1491 1492 1493 1734 1735 1736 1761 1762 1763 1518 1519 1520 
1731 1732 1733 1974 1975 1976 2001 2002 2003 1758 1759 1760 1734 1735 1736 1977 1978 1979 2004 2005 2006 1761 1762 1763 
57 58 59 300 301 302 327 328 329 84 85 86 60 61 62 303 304 305 330 331 332 87 88 89 
300 301 302 543 544 545 570 571 572 327 328 329 303 304 305 546 547 548 573 574 575 330 331 332 
543 544 545 786 787 788 813 814 815 570 571 572 546 547 548 789 790 791 816 817 818 573 574 575 
786 787 788 1029 1030 1031 1056 1057 1058 813 814 815 789 790 791 1032 1033 1034 1059 1060 1061 816 817 818 
1029 1030 1031 1272 1273 1274 1299 1300 1301 1056 1057 1058 1032 1033 1034 1275 1276 1277 1302 1303 1304 1059 1060 1061 
1272 1273 1274 1515 1516 1517 1542 1543 1544 1299 1300 1301 1275 1276 1277 1518 1519 1520 1545 1546 1547 1302 1303 1304 
1515 1516 1517 1758 1759 1760 1785 1786 1787 1542 1543 1544 1518 1519 1520 1761 1762 1763 1788 1789 1790 1545 1546 1547 
1758 1759 1760 2001 2002 2003 2028 2029 2030 1785 1786 1787 1761 1762 1763 2004 2005 2006 2031 2032 2033 1788 1789 1790 
84 85 86 327 328 329 354 355 356 111 112 113 87 88 89 330 331 332 357 358 359 114 115 116 
327 328 329 570 571 572 597 598 599 354 355 356 330 331 332 573 574 575 600 601 602 357 358 359 
570 571 572 813 814 815 840 841 842 597 598 599 573 574 575 816 817 818 843 844 845 600 601 602 
813 814 815 1056 1057 1058 1083 1084 1085 840 841 842 816 817 818 1059 1060 1061 1086 1087 1088 843 844 845 
1056 1057 1058 1299 1300 1301 1326 1327 1328 1083 1084 1085 1059 1060 1061 1302 1303 1304 1329 1330 1331 1086 1087 1088 
1299 1300 1301 1542 1543 1544 1569 1570 1571 1326 1327 1328 1302 1303 1304 1545 1546 1547 1572 1573 1574 1329 1330 1331 
1542 1543 1544 1785 1786 1787 1812 1813 1814 1569 1570 1571 1545 1546 1547 1788 1789 1790 1815 1816 1817 1572 1573 1574 
1785 1786 1787 2028 2029 2030 2055 2056 2057 1812 1813 1814 1788 1789 1790 2031 2032 2033 2058 2059 2060 1815 1816 1817 
111 112 113 354 355 356 381 382 383 138 139 140 114 115 116 357 358 359 384 385 386 141 142 143 
354 355 356 597 598 599 624 625 626 381 382 383 357 358 359 600 601 602 627 628 629 384 385 386 
597 598 599 840 841 842 867 868 869 624 625 626 600 601 602 843 844 845 870 871 872 627 628 629 
840 841 842 1083 1084 1085 1110 1111 1112 867 868 869 843 844 845 1086 1087 1088 1113 1114 1115 870 871 872 
1083 1084 1085 1326 1327 1328 1353 1354 1355 1110 1111 1112 1086 1087 1088 1329 1330 1331 1356 1357 1358 1113 1114 1115 
1326 1327 1328 1569 1570 1571 1596 1597 1598 1353 1354 1355 1329 1330 1331 1572 1573 1574 1599 1600 1601 1356 1357 1358 
1569 1570 1571 1812 1813 1814 1839 1840 1841 1596 1597 1598 1572 1573 1574 1815 1816 1817 1842 1843 1844 1599 1600 1601 
1812 1813 1814 2055 2056 2057 2082 2083 2084 1839 1840 1841 1815 1816 1817 2058 2059 2060 2085 2086 2087 1842 1843 1844 
138 139 140 381 382 383 408 409 410 165 166 167 141 142 143 384 385 386 411 412 413 168 169 170 
381 382 383 624 625 626 651 652 653 408 409 410 384 385 386 627 628 629 654 655 656 411 412 413 
624 625 626 867 868 869 894 895 896 651 652 653 627 628 629 870 871 872 897 898 899 654 655 656 
867 868 869 1110 1111 1112 1137 1138 1139 894 895 896 870 871 872 1113 1114 1115 1140 1141 1142 897 898 899 
1110 1111 1112 1353 1354 1355 1380 1381 1382 1137 1138 1139 1113 1114 1115 1356 1357 1358 1383 1384 1385 1140 1141 1142 
1353 1354 1355 1596 1597 1598 1623 1624 1625 1380 1381 1382 1356 1357 1358 1599 1600 1601 1626 1627 1628 1383 1384 1385 
1596 1597 1598 1839 1840 1841 1866 1867 1868 1623 1624 1625 1599 1600 1601 1842 1843 1844 1869 1870 1871 1626 1627 1628 
1839 1840 1841 2082 2083 2084 2109 2110 2111 1866 1867 1868 1842 1843 1844 2085 2086 2087 2112 2113 2114 1869 1870 1871 
165 166 167 408 409 410 435 436 437 192 193 194 168 169 170 411 412 413 438 439 440 195 196 197 
408 409 410 651 652 653 678 679 680 435 436 437 411 412 413 654 655 656 681 682 683 438 439 440 
651 652 653 894 895 896 921 922 923 678 679 680 654 655 656 897 898 899 924 925 926 681 682 683 
894 895 896 1137 1138 1139 1164 1165 1166 921 922 923 897 898 899 1140 1141 1142 1167 1168 1169 924 925 926 
1137 1138 1139 1380 1381 1382 1407 1408 1409 1164 1165 1166 1140 1141 1142 1383 1384 1385 1410 1411 1412 1167 1168 1169 
1380 1381 1382 1623 1624 1625 1650 1651 1652 1407 1408 1409 1383 1384 1385 1626 1627 1628 1653 1654 1655 1410 1411 1412 
1623 1624 1625 1866 1867 1868 1893 1894 1895 1650 1651 1652 1626 1627 1628 1869 1870 1871 1896 1897 1898 1653 1654 1655 
1866 1867 1868 2109 2110 2111 2136 2137 2138 1893 1894 1895 1869 1870 1871 2112 2113 2114 2139 2140 2141 1896 1897 1898 
192 193 194 435 436 437 462 463 464 219 220 221 195 196 197 438 439 440 465 466 467 222 223 224 
435 436 437 678 679 680 705 706 707 462 463 464 438 439 440 681 682 683 708 709 710 465 466 467 
678 679 680 921 922 923 948 949 950 705 706 707 681 682 683 924 925 926 951 952 953 708 709 710 
921 922 923 1164 1165 1166 1191 1192 1193 948 949 950 924 925 926 1167 1168 1169 1194 1195 1196 951 952 953 
1164 1165 1166 1407 1408 1409 1434 1435 1436 1191 1192 1193 1167 1168 1169 1410 1411 1412 1437 1438 1439 1194 1195 1196 
1407 1408 1409 1650 1651 1652 1677 1678 1679 1434 1435 1436 1410 1411 1412 1653 1654 1655 1680 1681 1682 1437 1438 1439 
1650 1651 1652 1893 1894 1895 1920 1921 1922 1677 1678 1679 1653 1654 1655 1896 1897 1898 1923 1924 1925 1680 1681 1682 
1893 1894 1895 2136 2137 2138 2163 2164 2165 1920 1921 1922 1896 1897 1898 2139 2140 2141 2166 2167 2168 1923 1924 1925 
6 7 8 249 250 251 276 277 278 33 34 35 9 10 11 252 253 254 279 280 281 36 37 38 
249 250 251 492 493 494 519 520 521 276 277 278 252 253 254 495 496 497 522 523 524 279 280 281 
492 493 494 735 736 737 762 763 764 519 520 521 495 496 497 738 739 740 765 766 767 522 523 524 
735 736 737 978 979 980 1005 1006 1007 762 763 764 738 739 740 981 982 983 1008 1009 1010 765 766 767 
978 979 980 1221 1222 1223 1248 1249 1250 1005 1006 1007 981 982 983 1224 1225 1226 1251 1252 1253 1008 1009 1010 
1221 1222 1223 1464 1465 1466 1491 1492 1493 1248 1249 1250 1224 1225 1226 1467 1468 1469 1494 1495 1496 1251 1252 1253 
1464 1465 1466 1707 1708 1709 1734 1735 1736 1491 1492 1493 1467 1468 1469 1710 1711 1712 1737 1738 1739 1494 1495 1496 
1707 1708 1709 1950 1951 1952 1977 1978 1979 1734 1735 1736 1710 1711 1712 1953 1954 1955 1980 1981 1982 1737 1738 1739 
33 34 35 276 277 278 303 304 305 60 61 62 36 37 38 279 280 281 306 307 308 63 64 65 
276 277 278 519 520 521 546 547 548 303 304 305 279 280 281 522 523 524 549 550 551 306 307 308 
519 520 521 762 763 764 789 790 791 546 547 548 522 523 524 765 766 767 792 793 794 549 550 551 
762 763 764 1005 1006 1007 1032 1033 1034 789 790 791 765 766 767 1008 1009 1010 1035 1036 1037 792 793 794 
1005 1006 1007 1248 1249 1250 1275 1276 1277 1032 1033 1034 1008 1009 1010 1251 1252 1253 1278 1279 1280 1035 1036 1037 
1248 1249 1250 1491 1492 1493 1518 1519 1520 1275 1276 1277 1251 1252 1253 1494 1495 1496 1521 1522 1523 1278 1279 1280 
1491 1492 1493 1734 1735 1736 1761 1762 1763 1518 1519 1520 1494 1495 1496 1737 1738 1739 1764 1765 1766 1521 1522 1523 
1734 1735 1736 1977 1978 1979 2004 2005 2006 1761 1762 1763 1737 1738 1739 1980 1981 1982 2007 2008 2009 1764 1765 1766 
60 61 62 303 304 305 330 331 332 87 88 89 63 64 65 306 307 308 333 334 335 90 91 92 
303 304 305 546 547 548 573 574 575 330 331 332 306 307 308 549 550 551 576 577 578 333 334 335 
546 547 548 789 790 791 816 817 818 573 574 575 549 550 551 792 793 794 819 820 821 576 577 578 
789 790 791 1032 1033 1034 1059 1060 1061 816 817 818 792 793 794 1035 1036 1037 1062 1063 1064 819 820 821 
1032 1033 1034 1275 1276 1277 1302 1303 1304 1059 1060 1061 1035 1036 1037 1278 1279 1280 1305 1306 1307 1062 1063 1064 
1275 1276 1277 1518 1519 1520 1545 1546 1547 1302 1303 1304 1278 1279 1280 1521 1522 1523 1548 1549 1550 1305 1306 1307 
1518 1519 1520 1761 1762 1763 1788 1789 1790 1545 1546 1547 1521 1522 1523 1764 1765 1766 1791 1792 1793 1548 1549 1550 
1761 1762 1763 2004 2005 2006 2031 2032 2033 1788 1789 1790 1764 1765 1766 2007 2008 2009 2034 2035 2036 1791 1792 1793 
87 88 89 330 331 332 357 358 359 114 115 116 90 91 92 333 334 335 360 361 362 117 118 119 
330 331 332 573 574 575 600 601 602 357 358 359 333 334 335 576 577 578 603 604 605 360 361 362 
573 574 575 816 817 818 843 844 845 600 601 602 576 577 578 819 820 821 846 847 848 603 604 605 
816 817 818 1059 1060 1061 1086 1087 1088 843 844 845 819 820 821 1062 1063 1064 1089 1090 1091 846 847 848 
1059 1060 1061 1302 1303 1304 1329 1330 1331 1086 1087 1088 1062 1063 1064 1305 1306 1307 1332 1333 1334 1089 1090 1091 
1302 1303 1304 1545 1546 1547 1572 1573 1574 1329 1330 1331 1305 1306 1307 1548 1549 1550 1575 1576 1577 1332 1333 1334 
1545 1546 1547 1788 1789 1790 1815 1816 1817 1572 1573 1574 1548 1549 1550 1791 1792 1793 1818 1819 1820 1575 1576 1577 
1788 1789 1790 2031 2032 2033 2058 2059 2060 1815 1816 1817 1791 1792 1793 2034 2035 2036 2061 2062 2063 1818 1819 1820 
114 115 116 357 358 359 384 385 386 141 142 143 117 118 119 360 361 362 387 388 389 144 145 146 
357 358 359 600 601 602 627 628 629 384 385 386 360 361 362 603 604 605 630 631 632 387 388 389 
600 601 602 843 844 845 870 871 872 627 628 629 603 604 605 846 847 848 873 874 875 630 631 632 
843 844 845 1086 1087 1088 1113 1114 1115 870 871 872 846 847 848 1089 1090 1091 1116 1117 1118 873 874 875 
1086 1087 1088 1329 1330 1331 1356 1357 1358 1113 1114 1115 1089 1090 1091 1332 1333 1334 1359 1360 1361 1116 1117 1118 
1329 1330 1331 1572 1573 1574 1599 1600 1601 1356 1357 1358 1332 1333 1334 1575 1576 1577 1602 1603 1604 1359 1360 1361 
1572 1573 1574 1815 1816 1817 1842 1843 1844 1599 1600 1601 1575 1576 1577 1818 1819 1820 1845 1846 1847 1602 1603 1604 
1815 1816 1817 2058 2059 2060 2085 2086 2087 1842 1843 1844 1818 1819 1820 2061 2062 2063 2088 2089 2090 1845 1846 1847 
141 142 143 384 385 386 411 412 413 168 169 170 144 145 146 387 388 389 414 415 416 171 172 173 
384 385 386 627 628 629 654 655 656 411 412 413 387 388 389 630 631 632 657 658 659 414 415 416 
627 628 629 870 871 872 897 898 899 654 655 656 630 631 632 873 874 875 900 901 902 657 658 659 
870 871 872 1113 1114 1115 1140 1141 1142 897 898 899 873 874 875 1116 1117 1118 1143 1144 1145 900 901 902 
1113 1114 1115 1356 1357 1358 1383 1384 1385 1140 1141 1142 1116 1117 1118 1359 1360 1361 1386 1387 1388 1143 1144 1145 
1356 1357 1358 1599 1600 1601 1626 1627 1628 1383 1384 1385 1359 1360 1361 1602 1603 1604 1629 1630 1631 1386 1387 1388 
1599 1600 1601 1842 1843 1844 1869 1870 1871 1626 1627 1628 1602 1603 1604 1845 1846 1847 1872 1873 1874 1629 1630 1631 
1842 1843 1844 2085 2086 2087 2112 2113 2114 1869 1870 1871 1845 1846 1847 2088 2089 2090 2115 2116 2117 1872 1873 1874 
168 169 170 411 412 413 438 439 440 195 196 197 171 172 173 414 415 416 441 442 443 198 199 200 
411 412 413 654 655 656 681 682 683 438 439 440 414 415 416 657 658 659 684 685 686 441 442 443 
654 655 656 897 898 899 924 925 926 681 682 683 657 658 659 900 901 902 927 928 929 684 685 686 
897 898 899 1140 1141 1142 1167 1168 1169 924 925 926 900 901 902 1143 1144 1145 1170 1171 1172 927 928 929 
1140 1141 1142 1383 1384 1385 1410 1411 1412 1167 1168 1169 1143 1144 1145 1386 1387 1388 1413 1414 1415 1170 1171 1172 
1383 1384 1385 1626 1627 1628 1653 1654 1655 1410 1411 1412 1386 1387 1388 1629 1630 1631 1656 1657 1658 1413 1414 1415 
1626 1627 1628 1869 1870 1871 1896 1897 1898 1653 1654 1655 1629 1630 1631 1872 1873 1874 1899 1900 1901 1656 1657 1658 
1869 1870 1871 2112 2113 2114 2139 2140 2141 1896 1897 1898 1872 1873 1874 2115 2116 2117 2142 2143 2144 1899 1900 1901 
195 196 197 438 439 440 465 466 467 222 223 224 198 199 200 441 442 443 468 469 470 225 226 227 
438 439 440 681 682 683 708 709 710 465 466 467 441 442 443 684 685 686 711 712 713 468 469 470 
681 682 683 924 925 926 951 952 953 708 709 710 684 685 686 927 928 929 954 955 956 711 712 713 
924 925 926 1167 1168 1169 1194 1195 1196 951 952 953 927 928 929 1170 1171 1172 1197 1198 1199 954 955 956 
1167 1168 1169 1410 1411 1412 1437 1438 1439 1194 1195 1196 1170 1171 1172 1413 1414 1415 1440 1441 1442 1197 1198 1199 
1410 1411 1412 1653 1654 1655 1680 1681 1682 1437 1438 1439 1413 1414 1415 1656 1657 1658 1683 1684 1685 1440 1441 1442 
1653 1654 1655 1896 1897 1898 1923 1924 1925 1680 1681 1682 1656 1657 1658 1899 1900 1901 1926 1927 1928 1683 1684 1685 
1896 1897 1898 2139 2140 2141 2166 2167 2168 1923 1924 1925 1899 1900 1901 2142 2143 2144 2169 2170 2171 1926 1927 1928 
9 10 11 252 253 254 279 280 281 36 37 38 12 13 14 255 256 257 282 283 284 39 40 41 
252 253 254 495 496 497 522 523 524 279 280 281 255 256 257 498 499 500 525 526 527 282 283 284 
495 496 497 738 739 740 765 766 767 522 523 524 498 499 500 741 742 743 768 769 770 525 526 527 
738 739 740 981 982 983 1008 1009 1010 765 766 767 741 742 743 984 985 986 1011 1012 1013 768 769 770 
981 982 983 1224 1225 1226 1251 1252 1253 1008 1009 1010 984 985 986 1227 1228 1229 1254 1255 1256 1011 1012 1013 
1224 1225 1226 1467 1468 1469 1494 1495 1496 1251 1252 1253 1227 1228 1229 1470 1471 1472 1497 1498 1499 1254 1255 1256 
1467 1468 1469 1710 1711 1712 1737 1738 1739 1494 1495 1496 1470 1471 1472 1713 1714 1715 1740 1741 1742 1497 1498 1499 
1710 1711 1712 1953 1954 1955 1980 1981 1982 1737 1738 1739 1713 1714 1715 1956 1957 1958 1983 1984 1985 1740 1741 1742 
36 37 38 279 280 281 306 307 308 63 64 65 39 40 41 282 283 284 309 310 311 66 67 68 
279 280 281 522 523 524 549 550 551 306 307 308 282 283 284 525 526 527 552 553 554 309 310 311 
522 523 524 765 766 767 792 793 794 549 550 551 525 526 527 768 769 770 795 796 797 552 553 554 
765 766 767 1008 1009 1010 1035 1036 1037 792 793 794 768 769 770 1011 1012 1013 1038 1039 1040 795 796 797 
1008 1009 1010 1251 1252 1253 1278 1279 1280 1035 1036 1037 1011 1012 1013 1254 1255 1256 1281 1282 1283 1038 1039 1040 
1251 1252 1253 1494 1495 1496 1521 1522 1523 1278 1279 1280 1254 1255 1256 1497 1498 1499 1524 1525 1526 1281 1282 1283 
1494 1495 1496 1737 1738 1739 1764 1765 1766 1521 1522 1523 1497 1498 1499 1740 1741 1742 1767 1768 1769 1524 1525 1526 
1737 1738 1739 1980 1981 1982 2007 2008 2009 1764 1765 1766 1740 1741 1742 1983 1984 1985 2010 2011 2012 1767 1768 1769 
63 64 65 306 307 308 333 334 335 90 91 92 66 67 68 309 310 311 336 337 338 93 94 95 
306 307 308 549 550 551 576 577 578 333 334 335 309 310 311 552 553 554 579 580 581 336 337 338 
549 550 551 792 793 794 819 820 821 576 577 578 552 553 554 795 796 797 822 823 824 579 580 581 
792 793 794 1035 1036 1037 1062 1063 1064 819 820 821 795 796 797 1038 1039 1040 1065 1066 1067 822 823 824 
1035 1036 1037 1278 1279 1280 1305 1306 1307 1062 1063 1064 1038 1039 1040 1281 1282 1283 1308 1309 1310 1065 1066 1067 
1278 1279 1280 1521 1522 1523 1548 1549 1550 1305 1306 1307 1281 1282 1283 1524 1525 1526 1551 1552 1553 1308 1309 1310 
1521 1522 1523 1764 1765 1766 1791 1792 1793 1548 1549 1550 1524 1525 1526 1767 1768 1769 1794 1795 1796 1551 1552 1553 
1764 1765 1766 2007 2008 2009 2034 2035 2036 1791 1792 1793 1767 1768 1769 2010 2011 2012 2037 2038 2039 1794 1795 1796 
90 91 92 333 334 335 360 361 362 117 118 119 93 94 95 336 337 338 363 364 365 120 121 122 
333 334 335 576 577 578 603 604 605 360 361 362 336 337 338 579 580 581 606 607 608 363 364 365 
576 577 578 819 820 821 846 847 848 603 604 605 579 580 581 822 823 824 849 850 851 606 607 608 
819 820 821 1062 1063 1064 1089 1090 1091 846 847 848 822 823 824 1065 1066 1067 1092 1093 1094 849 850 851 
1062 1063 1064 1305 1306 1307 1332 1333 1334 1089 1090 1091 1065 1066 1067 1308 1309 1310 1335 1336 1337 1092 1093 1094 
1305 1306 1307 1548 1549 1550 1575 1576 1577 1332 1333 1334 1308 1309 1310 1551 1552 1553 1578 1579 1580 1335 1336 1337 
1548 1549 1550 1791 1792 1793 1818 1819 1820 1575 1576 1577 1551 1552 1553 1794 1795 1796 1821 1822 1823 1578 1579 1580 
1791 1792 1793 2034 2035 2036 2061 2062 2063 1818 1819 1820 1794 1795 1796 2037 2038 2039 2064 2065 2066 1821 1822 1823 
117 118 119 360 361 362 387 388 389 144 145 146 120 121 122 363 364 365 390 391 392 147 148 149 
360 361 362 603 604 605 630 631 632 387 388 389 363 364 365 606 607 608 633 634 635 390 391 392 
603 604 605 846 847 848 873 874 875 630 631 632 606 607 608 849 850 851 876 877 878 633 634 635 
846 847 848 1089 1090 1091 1116 1117 1118 873 874 875 849 850 851 1092 1093 1094 1119 1120 1121 876 877 878 
1089 1090 1091 1332 1333 1334 1359 1360 1361 1116 1117 1118 1092 1093 1094 1335 1336 1337 1362 1363 1364 1119 1120 1121 
1332 1333 1334 1575 1576 1577 1602 1603 1604 1359 1360 1361 1335 1336 1337 1578 1579 1580 1605 1606 1607 1362 1363 1364 
1575 1576 1577 1818 1819 1820 1845 1846 1847 1602 1603 1604 1578 1579 1580 1821 1822 1823 1848 1849 1850 1605 1606 1607 
1818 1819 1820 2061 2062 2063 2088 2089 2090 1845 1846 1847 1821 1822 1823 2064 2065 2066 2091 2092 2093 1848 1849 1850 
144 145 146 387 388 389 414 415 416 171 172 173 147 148 149 390 391 392 417 418 419 174 175 176 
387 388 389 630 631 632 657 658 659 414 415 416 390 391 392 633 634 635 660 661 662 417 418 419 
630 631 632 873 874 875 900 901 902 657 658 659 633 634 635 876 877 878 903 904 905 660 661 662 
873 874 875 1116 1117 1118 1143 1144 1145 900 901 902 876 877 878 1119 1120 1121 1146 1147 1148 903 904 905 
1116 1117 1118 1359 1360 1361 1386 1387 1388 1143 1144 1145 1119 1120 1121 1362 1363 1364 1389 1390 1391 1146 1147 1148 
1359 1360 1361 1602 1603 1604 1629 1630 1631 1386 1387 1388 1362 1363 1364 1605 1606 1607 1632 1633 1634 1389 1390 1391 
1602 1603 1604 1845 1846 1847 1872 1873 1874 1629 1630 1631 1605 1606 1607 1848 1849 1850 1875 1876 1877 1632 1633 1634 
1845 1846 1847 2088 2089 2090 2115 2116 2117 1872 1873 1874 1848 1849 1850 2091 2092 2093 2118 2119 2120 1875 1876 1877 
171 172 173 414 415 416 441 442 443 198 199 200 174 175 176 417 418 419 444 445 446 201 202 203 
414 415 416 657 658 659 684 685 686 441 442 443 417 418 419 660 661 662 687 688 689 444 445 446 
657 658 659 900 901 902 927 928 929 684 685 686 660 661 662 903 904 905 930 931 932 687 688 689 
900 901 902 1143 1144 1145 1170 1171 1172 927 928 929 903 904 905 1146 1147 1148 1173 1174 1175 930 931 932 
1143 1144 1145 1386 1387 1388 1413 1414 1415 1170 1171 1172 1146 1147 1148 1389 1390 1391 1416 1417 1418 1173 1174 1175 
1386 1387 1388 1629 1630 1631 1656 1657 1658 1413 1414 1415 1389 1390 1391 1632 1633 1634 1659 1660 1661 1416 1417 1418 
1629 1630 1631 1872 1873 1874 1899 1900 1901 1656 1657 1658 1632 1633 1634 1875 1876 1877 1902 1903 1904 1659 1660 1661 
1872 1873 1874 2115 2116 2117 2142 2143 2144 1899 1900 1901 1875 1876 1877 2118 2119 2120 2145 2146 2147 1902 1903 1904 
198 199 200 441 442 443 468 469 470 225 226 227 201 202 203 444 445 446 471 472 473 228 229 230 
441 442 443 684 685 686 711 712 713 468 469 470 444 445 446 687 688 689 714 715 716 471 472 473 
684 685 686 927 928 929 954 955 956 711 712 713 687 688 689 930 931 932 957 958 959 714 715 716 
927 928 929 1170 1171 1172 1197 1198 1199 954 955 956 930 931 932 1173 1174 1175 1200 1201 1202 957 958 959 
1170 1171 1172 1413 1414 1415 1440 1441 1442 1197 1198 1199 1173 1174 1175 1416 1417 1418 1443 1444 1445 1200 1201 1202 
1413 1414 1415 1656 1657 1658 1683 1684 1685 1440 1441 1442 1416 1417 1418 1659 1660 1661 1686 1687 1688 1443 1444 1445 
1656 1657 1658 1899 1900 1901 1926 1927 1928 1683 1684 1685 1659 1660 1661 1902 1903 1904 1929 1930 1931 1686 1687 1688 
1899 1900 1901 2142 2143 2144 2169 2170 2171 1926 1927 1928 1902 1903 1904 2145 2146 2147 2172 2173 2174 1929 1930 1931 
12 13 14 255 256 257 282 283 284 39 40 41 15 16 17 258 259 260 285 286 287 42 43 44 
255 256 257 498 499 500 525 526 527 282 283 284 258 259 260 501 502 503 528 529 530 285 286 287 
498 499 500 741 742 743 768 769 770 525 526 527 501 502 503 744 745 746 771 772 773 528 529 530 
741 742 743 984 985 986 1011 1012 1013 768 769 770 744 745 746 987 988 989 1014 1015 1016 771 772 773 
984 985 986 1227 1228 1229 1254 1255 1256 1011 1012 1013 987 988 989 1230 1231 1232 1257 1258 1259 1014 1015 1016 
1227 1228 1229 1470 1471 1472 1497 1498 1499 1254 1255 1256 1230 1231 1232 1473 1474 1475 1500 1501 1502 1257 1258 1259 
1470 1471 1472 1713 1714 1715 1740 1741 1742 1497 1498 1499 1473 1474 1475 1716 1717 1718 1743 1744 1745 1500 1501 1502 
1713 1714 1715 1956 1957 1958 1983 1984 1985 1740 1741 1742 1716 1717 1718 1959 1960 1961 1986 1987 1988 1743 1744 1745 
39 40 41 282 283 284 309 310 311 66 67 68 42 43 44 285 286 287 312 313 314 69 70 71 
282 283 284 525 526 527 552 553 554 309 310 311 285 286 287 528 529 530 555 556 557 312 313 314 
525 526 527 768 769 770 795 796 797 552 553 554 528 529 530 771 772 773 798 799 800 555 556 557 
768 769 770 1011 1012 1013 1038 1039 1040 795 796 797 771 772 773 1014 1015 1016 1041 1042 1043 798 799 800 
1011 1012 1013 1254 1255 1256 1281 1282 1283 1038 1039 1040 1014 1015 1016 1257 1258 1259 1284 1285 1286 1041 1042 1043 
1254 1255 1256 1497 1498 1499 1524 1525 1526 1281 1282 1283 1257 1258 1259 1500 1501 1502 1527 1528 1529 1284 1285 1286 
1497 1498 1499 1740 1741 1742 1767 1768 1769 1524 1525 1526 1500 1501 1502 1743 1744 1745 1770 1771 1772 1527 1528 1529 
1740 1741 1742 1983 1984 1985 2010 2011 2012 1767 1768 1769 1743 1744 1745 1986 1987 1988 2013 2014 2015 1770 1771 1772 
66 67 68 309 310 311 336 337 338 93 94 95 69 70 71 312 313 314 339 340 341 96 97 98 
309 310 311 552 553 554 579 580 581 336 337 338 312 313 314 555 556 557 582 583 584 339 340 341 
552 553 554 795 796 797 822 823 824 579 580 581 555 556 557 798 799 800 825 826 827 582 583 584 
795 796 797 1038 1039 1040 1065 1066 1067 822 823 824 798 799 800 1041 1042 1043 1068 1069 1070 825 826 827 
1038 1039 1040 1281 1282 1283 1308 1309 1310 1065 1066 1067 1041 1042 1043 1284 1285 1286 1311 1312 1313 1068 1069 1070 
1281 1282 1283 1524 1525 1526 1551 1552 1553 1308 1309 1310 1284 1285 1286 1527 1528 1529 1554 1555 1556 1311 1312 1313 
1524 1525 1526 1767 1768 1769 1794 1795 1796 1551 1552 1553 1527 1528 1529 1770 1771 1772 1797 1798 1799 1554 1555 1556 
1767 1768 1769 2010 2011 2012 2037 2038 2039 1794 1795 1796 1770 1771 1772 2013 2014 2015 2040 2041 2042 1797 1798 1799 
93 94 95 336 337 338 363 364 365 120 121 122 96 97 98 339 340 341 366 367 368 123 124 125 
336 337 338 579 580 581 606 607 608 363 364 365 339 340 341 582 583 584 609 610 611 366 367 368 
579 580 581 822 823 824 849 850 851 606 607 608 582 583 584 825 826 827 852 853 854 609 610 611 
822 823 824 1065 1066 1067 1092 1093 1094 849 850 851 825 826 827 1068 1069 1070 1095 1096 1097 852 853 854 
1065 1066 1067 1308 1309 1310 1335 1336 1337 1092 1093 1094 1068 1069 1070 1311 1312 1313 1338 1339 1340 1095 1096 1097 
1308 1309 1310 1551 1552 1553 1578 1579 1580 1335 1336 1337 1311 1312 1313 1554 1555 1556 1581 1582 1583 1338 1339 1340 
1551 1552 1553 1794 1795 1796 1821 1822 1823 1578 1579 1580 1554 1555 1556 1797 1798 1799 1824 1825 1826 1581 1582 1583 
1794 1795 1796 2037 2038 2039 2064 2065 2066 1821 1822 1823 1797 1798 1799 2040 2041 2042 2067 2068 2069 1824 1825 1826 
120 121 122 363 364 365 390 391 392 147 148 149 123 124 125 366 367 368 393 394 395 150 151 152 
363 364 365 606 607 608 633 634 635 390 391 392 366 367 368 609 610 611 636 637 638 393 394 395 
606 607 608 849 850 851 876 877 878 633 634 635 609 610 611 852 853 854 879 880 881 636 637 638 
849 850 851 1092 1093 1094 1119 1120 1121 876 877 878 852 853 854 1095 1096 1097 1122 1123 1124 879 880 881 
1092 1093 1094 1335 1336 1337 1362 1363 1364 1119 1120 1121 1095 1096 1097 1338 1339 1340 1365 1366 1367 1122 1123 1124 
1335 1336 1337 1578 1579 1580 1605 1606 1607 1362 1363 1364 1338 1339 1340 1581 1582 1583 1608 1609 1610 1365 1366 1367 
1578 1579 1580 1821 1822 1823 1848 1849 1850 1605 1606 1607 1581 1582 1583 1824 1825 1826 1851 1852 1853 1608 1609 1610 
1821 1822 1823 2064 2065 2066 2091 2092 2093 1848 1849 1850 1824 1825 1826 2067 2068 2069 2094 2095 2096 1851 1852 1853 
147 148 149 390 391 392 417 418 419 174 175 176 150 151 152 393 394 395 420 421 422 177 178 179 
390 391 392 633 634 635 660 661 662 417 418 419 393 394 395 636 637 638 663 664 665 420 421 422 
633 634 635 876 877 878 903 904 905 660 661 662 636 637 638 879 880 881 906 907 908 663 664 665 
876 877 878 1119 1120 1121 1146 1147 1148 903 904 905 879 880 881 1122 1123 1124 1149 1150 1151 906 907 908 
1119 1120 1121 1362 1363 1364 1389 1390 1391 1146 1147 1148 1122 1123 1124 1365 1366 1367 1392 1393 1394 1149 1150 1151 
1362 1363 1364 1605 1606 1607 1632 1633 1634 1389 1390 1391 1365 1366 1367 1608 1609 1610 1635 1636 1637 1392 1393 1394 
1605 1606 1607 1848 1849 1850 1875 1876 1877 1632 1633 1634 1608 1609 1610 1851 1852 1853 1878 1879 1880 1635 1636 1637 
1848 1849 1850 2091 2092 2093 2118 2119 2120 1875 1876 1877 1851 1852 1853 2094 2095 2096 2121 2122 2123 1878 1879 1880 
174 175 176 417 418 419 444 445 446 201 202 203 177 178 179 420 421 422 447 448 449 204 205 206 
417 418 419 660 661 662 687 688 689 444 445 446 420 421 422 663 664 665 690 691 692 447 448 449 
660 661 662 903 904 905 930 931 932 687 688 689 663 664 665 906 907 908 933 934 935 690 691 692 
903 904 905 1146 1147 1148 1173 1174 1175 930 931 932 906 907 908 1149 1150 1151 1176 1177 1178 933 934 935 
1146 1147 1148 1389 1390 1391 1416 1417 1418 1173 1174 1175 1149 1150 1151 1392 1393 1394 1419 1420 1421 1176 1177 1178 
1389 1390 1391 1632 1633 1634 1659 1660 1661 1416 1417 1418 1392 1393 1394 1635 1636 1637 1662 1663 1664 1419 1420 1421 
1632 1633 1634 1875 1876 1877 1902 1903 1904 1659 1660 1661 1635 1636 1637 1878 1879 1880 1905 1906 1907 1662 1663 1664 
1875 1876 1877 2118 2119 2120 2145 2146 2147 1902 1903 1904 1878 1879 1880 2121 2122 2123 2148 2149 2150 1905 1906 1907 
201 202 203 444 445 446 471 472 473 228 229 230 204 205 206 447 448 449 474 475 476 231 232 233 
444 445 446 687 688 689 714 715 716 471 472 473 447 448 449 690 691 692 717 718 719 474 475 476 
687 688 689 930 931 932 957 958 959 714 715 716 690 691 692 933 934 935 960 961 962 717 718 719 
930 931 932 1173 1174 1175 1200 1201 1202 957 958 959 933 934 935 1176 1177 1178 1203 1204 1205 960 961 962 
1173 1174 1175 1416 1417 1418 1443 1444 1445 1200 1201 1202 1176 1177 1178 1419 1420 1421 1446 1447 1448 1203 1204 1205 
1416 1417 1418 1659 1660 1661 1686 1687 1688 1443 1444 1445 1419 1420 1421 1662 1663 1664 1689 1690 1691 1446 1447 1448 
1659 1660 1661 1902 1903 1904 1929 1930 1931 1686 1687 1688 1662 1663 1664 1905 1906 1907 1932 1933 1934 1689 1690 1691 
1902 1903 1904 2145 2146 2147 2172 2173 2174 1929 1930 1931 1905 1906 1907 2148 2149 2150 2175 2176 2177 1932 1933 1934 
15 16 17 258 259 260 285 286 287 42 43 44 18 19 20 261 262 263 288 289 290 45 46 47 
258 259 260 501 502 503 528 529 530 285 286 287 261 262 263 504 505 506 531 532 533 288 289 290 
501 502 503 744 745 746 771 772 773 528 529 530 504 505 506 747 748 749 774 775 776 531 532 533 
744 745 746 987 988 989 1014 1015 1016 771 772 773 747 748 749 990 991 992 1017 1018 1019 774 775 776 
987 988 989 1230 1231 1232 1257 1258 1259 1014 1015 1016 990 991 992 1233 1234 1235 1260 1261 1262 1017 1018 1019 
1230 1231 1232 1473 1474 1475 1500 1501 1502 1257 1258 1259 1233 1234 1235 1476 1477 1478 1503 1504 1505 1260 1261 1262 
1473 1474 1475 1716 1717 1718 1743 1744 1745 1500 1501 1502 1476 1477 1478 1719 1720 1721 1746 1747 1748 1503 1504 1505 
1716 1717 1718 1959 1960 1961 1986 1987 1988 1743 1744 1745 1719 1720 1721 1962 1963 1964 1989 1990 1991 1746 1747 1748 
42 43 44 285 286 287 312 313 314 69 70 71 45 46 47 288 289 290 315 316 317 72 73 74 
285 286 287 528 529 530 555 556 557 312 313 314 288 289 290 531 532 533 558 559 560 315 316 317 
528 529 530 771 772 773 798 799 800 555 556 557 531 532 533 774 775 776 801 802 803 558 559 560 
771 772 773 1014 1015 1016 1041 1042 1043 798 799 800 774 775 776 1017 1018 1019 1044 1045 1046 801 802 803 
1014 1015 1016 1257 1258 1259 1284 1285 1286 1041 1042 1043 1017 1018 1019 1260 1261 1262 1287 1288 1289 1044 1045 1046 
1257 1258 1259 1500 1501 1502 1527 1528 1529 1284 1285 1286 1260 1261 1262 1503 1504 1505 1530 1531 1532 1287 1288 1289 
1500 1501 1502 1743 1744 1745 1770 1771 1772 1527 1528 1529 1503 1504 1505 1746 1747 1748 1773 1774 1775 1530 1531 1532 
1743 1744 1745 1986 1987 1988 2013 2014 2015 1770 1771 1772 1746 1747 1748 1989 1990 1991 2016 2017 2018 1773 1774 1775 
69 70 71 312 313 314 339 340 341 96 97 98 72 73 74 315 316 317 342 343 344 99 100 101 
312 313 314 555 556 557 582 583 584 339 340 341 315 316 317 558 559 560 585 586 587 342 343 344 
555 556 557 798 799 800 825 826 827 582 583 584 558 559 560 801 802 803 828 829 830 585 586 587 
798 799 800 1041 1042 1043 1068 1069 1070 825 826 827 801 802 803 1044 1045 1046 1071 1072 1073 828 829 830 
1041 1042 1043 1284 1285 1286 1311 1312 1313 1068 1069 1070 1044 1045 1046 1287 1288 1289 1314 1315 1316 1071 1072 1073 
1284 1285 1286 1527 1528 1529 1554 1555 1556 1311 1312 1313 1287 1288 1289 1530 1531 1532 1557 1558 1559 1314 1315 1316 
1527 1528 1529 1770 1771 1772 1797 1798 1799 1554 1555 1556 1530 1531 1532 1773 1774 1775 1800 1801 1802 1557 1558 1559 
1770 1771 1772 2013 2014 2015 2040 2041 2042 1797 1798 1799 1773 1774 1775 2016 2017 2018 2043 2044 2045 1800 1801 1802 
96 97 98 339 340 341 366 367 368 123 124 125 99 100 101 342 343 344 369 370 371 126 127 128 
339 340 341 582 583 584 609 610 611 366 367 368 342 343 344 585 586 587 612 613 614 369 370 371 
582 583 584 825 826 827 852 853 854 609 610 611 585 586 587 828 829 830 855 856 857 612 613 614 
825 826 827 1068 1069 1070 1095 1096 1097 852 853 854 828 829 830 1071 1072 1073 1098 1099 1100 855 856 857 
1068 1069 1070 1311 1312 1313 1338 1339 1340 1095 1096 1097 1071 1072 1073 1314 1315 1316 1341 1342 1343 1098 1099 1100 
1311 1312 1313 1554 1555 1556 1581 1582 1583 1338 1339 1340 1314 1315 1316 1557 1558 1559 1584 1585 1586 1341 1342 1343 
1554 1555 1556 1797 1798 1799 1824 1825 1826 1581 1582 1583 1557 1558 1559 1800 1801 1802 1827 1828 1829 1584 1585 1586 
1797 1798 1799 2040 2041 2042 2067 2068 2069 1824 1825 1826 1800 1801 1802 2043 2044 2045 2070 2071 2072 1827 1828 1829 
123 124 125 366 367 368 393 394 395 150 151 152 126 127 128 369 370 371 396 397 398 153 154 155 
366 367 368 609 610 611 636 637 638 393 394 395 369 370 371 612 613 614 639 640 641 396 397 398 
609 610 611 852 853 854 879 880 881 636 637 638 612 613 614 855 856 857 882 883 884 639 640 641 
852 853 854 1095 1096 1097 1122 1123 1124 879 880 881 855 856 857 1098 1099 1100 1125 1126 1127 882 883 884 
1095 1096 1097 1338 1339 1340 1365 1366 1367 1122 1123 1124 1098 1099 1100 1341 1342 1343 1368 1369 1370 1125 1126 1127 
1338 1339 1340 1581 1582 1583 1608 1609 1610 1365 1366 1367 1341 1342 1343 1584 1585 1586 1611 1612 1613 1368 1369 1370 
1581 1582 1583 1824 1825 1826 1851 1852 1853 1608 1609 1610 1584 1585 1586 1827 1828 1829 1854 1855 1856 1611 1612 1613 
1824 1825 1826 2067 2068 2069 2094 2095 2096 1851 1852 1853 1827 1828 1829 2070 2071 2072 2097 2098 2099 1854 1855 1856 
150 151 152 393 394 395 420 421 422 177 178 179 153 154 155 396 397 398 423 424 425 180 181 182 
393 394 395 636 637 638 663 664 665 420 421 422 396 397 398 639 640 641 666 667 668 423 424 425 
636 637 638 879 880 881 906 907 908 663 664 665 639 640 641 882 883 884 909 910 911 666 667 668 
879 880 881 1122 1123 1124 1149 1150 1151 906 907 908 882 883 884 1125 1126 1127 1152 1153 1154 909 910 911 
1122 1123 1124 1365 1366 1367 1392 1393 1394 1149 1150 1151 1125 1126 1127 1368 1369 1370 1395 1396 1397 1152 1153 1154 
1365 1366 1367 1608 1609 1610 1635 1636 1637 1392 1393 1394 1368 1369 1370 1611 1612 1613 1638 1639 1640 1395 1396 1397 
1608 1609 1610 1851 1852 1853 1878 1879 1880 1635 1636 1637 1611 1612 1613 1854 1855 1856 1881 1882 1883 1638 1639 1640 
1851 1852 1853 2094 2095 2096 2121 2122 2123 1878 1879 1880 1854 1855 1856 2097 2098 2099 2124 2125 2126 1881 1882 1883 
177 178 179 420 421 422 447 448 449 204 205 206 180 181 182 423 424 425 450 451 452 207 208 209 
420 421 422 663 664 665 690 691 692 447 448 449 423 424 425 666 667 668 693 694 695 450 451 452 
663 664 665 906 907 908 933 934 935 690 691 692 666 667 668 909 910 911 936 937 938 693 694 695 
906 907 908 1149 1150 1151 1176 1177 1178 933 934 935 909 910 911 1152 1153 1154 1179 1180 1181 936 937 938 
1149 1150 1151 1392 1393 1394 1419 1420 1421 1176 1177 1178 1152 1153 1154 1395 1396 1397 1422 1423 1424 1179 1180 1181 
1392 1393 1394 1635 1636 1637 1662 1663 1664 1419 1420 1421 1395 1396 1397 1638 1639 1640 1665 1666 1667 1422 1423 1424 
1635 1636 1637 1878 1879 1880 1905 1906 1907 1662 1663 1664 1638 1639 1640 1881 1882 1883 1908 1909 1910 1665 1666 1667 
1878 1879 1880 2121 2122 2123 2148 2149 2150 1905 1906 1907 1881 1882 1883 2124 2125 2126 2151 2152 2153 1908 1909 1910 
204 205 206 447 448 449 474 475 476 231 232 233 207 208 209 450 451 452 477 478 479 234 235 236 
447 448 449 690 691 692 717 718 719 474 475 476 450 451 452 693 694 695 720 721 722 477 478 479 
690 691 692 933 934 935 960 961 962 717 718 719 693 694 695 936 937 938 963 964 965 720 721 722 
933 934 935 1176 1177 1178 1203 1204 1205 960 961 962 936 937 938 1179 1180 1181 1206 1207 1208 963 964 965 
1176 1177 1178 1419 1420 1421 1446 1447 1448 1203 1204 1205 1179 1180 1181 1422 1423 1424 1449 1450 1451 1206 1207 1208 
1419 1420 1421 1662 1663 1664 1689 1690 1691 1446 1447 1448 1422 1423 1424 1665 1666 1667 1692 1693 1694 1449 1450 1451 
1662 1663 1664 1905 1906 1907 1932 1933 1934 1689 1690 1691 1665 1666 1667 1908 1909 1910 1935 1936 1937 1692 1693 1694 
1905 1906 1907 2148 2149 2150 2175 2176 2177 1932 1933 1934 1908 1909 1910 2151 2152 2153 2178 2179 2180 1935 1936 1937 
18 19 20 261 262 263 288 289 290 45 46 47 21 22 23 264 265 266 291 292 293 48 49 50 
261 262 263 504 505 506 531 532 533 288 289 290 264 265 266 507 508 509 534 535 536 291 292 293 
504 505 506 747 748 749 774 775 776 531 532 533 507 508 509 750 751 752 777 778 779 534 535 536 
747 748 749 990 991 992 1017 1018 1019 774 775 776 750 751 752 993 994 995 1020 1021 1022 777 778 779 
990 991 992 1233 1234 1235 1260 1261 1262 1017 1018 1019 993 994 995 1236 1237 1238 1263 1264 1265 1020 1021 1022 
1233 1234 1235 1476 1477 1478 1503 1504 1505 1260 1261 1262 1236 1237 1238 1479 1480 1481 1506 1507 1508 1263 1264 1265 
1476 1477 1478 1719 1720 1721 1746 1747 1748 1503 1504 1505 1479 1480 1481 1722 1723 1724 1749 1750 1751 1506 1507 1508 
1719 1720 1721 1962 1963 1964 1989 1990 1991 1746 1747 1748 1722 1723 1724 1965 1966 1967 1992 1993 1994 1749 1750 1751 
45 46 47 288 289 290 315 316 317 72 73 74 48 49 50 291 292 293 318 319 320 75 76 77 
288 289 290 531 532 533 558 559 560 315 316 317 291 292 293 534 535 536 561 562 563 318 319 320 
531 532 533 774 775 776 801 802 803 558 559 560 534 535 536 777 778 779 804 805 806 561 562 563 
774 775 776 1017 1018 1019 1044 1045 1046 801 802 803 777 778 779 1020 1021 1022 1047 1048 1049 804 805 806 
1017 1018 1019 1260 1261 1262 1287 1288 1289 1044 1045 1046 1020 1021 1022 1263 1264 1265 1290 1291 1292 1047 1048 1049 
1260 1261 1262 1503 1504 1505 1530 1531 1532 1287 1288 1289 1263 1264 1265 1506 1507 1508 1533 1534 1535 1290 1291 1292 
1503 1504 1505 1746 1747 1748 1773 1774 1775 1530 1531 1532 1506 1507 1508 1749 1750 1751 1776 1777 1778 1533 1534 1535 
1746 1747 1748 1989 1990 1991 2016 2017 2018 1773 1774 1775 1749 1750 1751 1992 1993 1994 2019 2020 2021 1776 1777 1778 
72 73 74 315 316 317 342 343 344 99 100 101 75 76 77 318 319 320 345 346 347 102 103 104 
315 316 317 558 559 560 585 586 587 342 343 344 318 319 320 561 562 563 588 589 590 345 346 347 
558 559 560 801 802 803 828 829 830 585 586 587 561 562 563 804 805 806 831 832 833 588 589 590 
801 802 803 1044 1045 1046 1071 1072 1073 828 829 830 804 805 806 1047 1048 1049 1074 1075 1076 831 832 833 
1044 1045 1046 1287 1288 1289 1314 1315 1316 1071 1072 1073 1047 1048 1049 1290 1291 1292 1317 1318 1319 1074 1075 1076 
1287 1288 1289 1530 1531 1532 1557 1558 1559 1314 1315 1316 1290 1291 1292 1533 1534 1535 1560 1561 1562 1317 1318 1319 
1530 1531 1532 1773 1774 1775 1800 1801 1802 1557 1558 1559 1533 1534 1535 1776 1777 1778 1803 1804 1805 1560 1561 1562 
1773 1774 1775 2016 2017 2018 2043 2044 2045 1800 1801 1802 1776 1777 1778 2019 2020 2021 2046 2047 2048 1803 1804 1805 
99 100 101 342 343 344 369 370 371 126 127 128 102 103 104 345 346 347 372 373 374 129 130 131 
342 343 344 585 586 587 612 613 614 369 370 371 345 346 347 588 589 590 615 616 617 372 373 374 
585 586 587 828 829 830 855 856 857 612 613 614 588 589 590 831 832 833 858 859 860 615 616 617 
828 829 830 1071 1072 1073 1098 1099 1100 855 856 857 831 832 833 1074 1075 1076 1101 1102 1103 858 859 860 
1071 1072 1073 1314 1315 1316 1341 1342 1343 1098 1099 1100 1074 1075 1076 1317 1318 1319 1344 1345 1346 1101 1102 1103 
1314 1315 1316 1557 1558 1559 1584 1585 1586 1341 1342 1343 1317 1318 1319 1560 1561 1562 1587 1588 1589 1344 1345 1346 
1557 1558 1559 1800 1801 1802 1827 1828 1829 1584 1585 1586 1560 1561 1562 1803 1804 1805 1830 1831 1832 1587 1588 1589 
1800 1801 1802 2043 2044 2045 2070 2071 2072 1827 1828 1829 1803 1804 1805 2046 2047 2048 2073 2074 2075 1830 1831 1832 
126 127 128 369 370 371 396 397 398 153 154 155 129 130 131 372 373 374 399 400 401 156 157 158 
369 370 371 612 613 614 639 640 641 396 397 398 372 373 374 615 616 617 642 643 644 399 400 401 
612 613 614 855 856 857 882 883 884 639 640 641 615 616 617 858 859 860 885 886 887 642 643 644 
855 856 857 1098 1099 1100 1125 1126 1127 882 883 884 858 859 860 1101 1102 1103 1128 1129 1130 885 886 887 
1098 1099 1100 1341 1342 1343 1368 1369 1370 1125 1126 1127 1101 1102 1103 1344 1345 1346 1371 1372 1373 1128 1129 1130 
1341 1342 1343 1584 1585 1586 1611 1612 1613 1368 1369 1370 1344 1345 1346 1587 1588 1589 1614 1615 1616 1371 1372 1373 
1584 1585 1586 1827 1828 1829 1854 1855 1856 1611 1612 1613 1587 1588 1589 1830 1831 1832 1857 1858 1859 1614 1615 1616 
1827 1828 1829 2070 2071 2072 2097 2098 2099 1854 1855 1856 1830 1831 1832 2073 2074 2075 2100 2101 2102 1857 1858 1859 
153 154 155 396 397 398 423 424 425 180 181 182 156 157 158 399 400 401 426 427 428 183 184 185 
396 397 398 639 640 641 666 667 668 423 424 425 399 400 401 642 643 644 669 670 671 426 427 428 
639 640 641 882 883 884 909 910 911 666 667 668 642 643 644 885 886 887 912 913 914 669 670 671 
882 883 884 1125 1126 1127 1152 1153 1154 909 910 911 885 886 887 1128 1129 1130 1155 1156 1157 912 913 914 
1125 1126 1127 1368 1369 1370 1395 1396 1397 1152 1153 1154 1128 1129 1130 1371 1372 1373 1398 1399 1400 1155 1156 1157 
1368 1369 1370 1611 1612 1613 1638 1639 1640 1395 1396 1397 1371 1372 1373 1614 1615 1616 1641 1642 1643 1398 1399 1400 
1611 1612 1613 1854 1855 1856 1881 1882 1883 1638 1639 1640 1614 1615 1616 1857 1858 1859 1884 1885 1886 1641 1642 1643 
1854 1855 1856 2097 2098 2099 2124 2125 2126 1881 1882 1883 1857 1858 1859 2100 2101 2102 2127 2128 2129 1884 1885 1886 
180 181 182 423 424 425 450 451 452 207 208 209 183 184 185 426 427 428 453 454 455 210 211 212 
423 424 425 666 667 668 693 694 695 450 451 452 426 427 428 669 670 671 696 697 698 453 454 455 
666 667 668 909 910 911 936 937 938 693 694 695 669 670 671 912 913 914 939 940 941 696 697 698 
909 910 911 1152 1153 1154 1179 1180 1181 936 937 938 912 913 914 1155 1156 1157 1182 1183 1184 939 940 941 
1152 1153 1154 1395 1396 1397 1422 1423 1424 1179 1180 1181 1155 1156 1157 1398 1399 1400 1425 1426 1427 1182 1183 1184 
1395 1396 1397 1638 1639 1640 1665 1666 1667 1422 1423 1424 1398 1399 1400 1641 1642 1643 1668 1669 1670 1425 1426 1427 
1638 1639 1640 1881 1882 1883 1908 1909 1910 1665 1666 1667 1641 1642 1643 1884 1885 1886 1911 1912 1913 1668 1669 1670 
1881 1882 1883 2124 2125 2126 2151 2152 2153 1908 1909 1910 1884 1885 1886 2127 2128 2129 2154 2155 2156 1911 1912 1913 
207 208 209 450 451 452 477 478 479 234 235 236 210 211 212 453 454 455 480 481 482 237 238 239 
450 451 452 693 694 695 720 721 722 477 478 479 453 454 455 696 697 698 723 724 725 480 481 482 
693 694 695 936 937 938 963 964 965 720 721 722 696 697 698 939 940 941 966 967 968 723 724 725 
936 937 938 1179 1180 1181 1206 1207 1208 963 964 965 939 940 941 1182 1183 1184 1209 1210 1211 966 967 968 
1179 1180 1181 1422 1423 1424 1449 1450 1451 1206 1207 1208 1182 1183 1184 1425 1426 1427 1452 1453 1454 1209 1210 1211 
1422 1423 1424 1665 1666 1667 1692 1693 1694 1449 1450 1451 1425 1426 1427 1668 1669 1670 1695 1696 1697 1452 1453 1454 
1665 1666 1667 1908 1909 1910 1935 1936 1937 1692 1693 1694 1668 1669 1670 1911 1912 1913 1938 1939 1940 1695 1696 1697 
1908 1909 1910 2151 2152 2153 2178 2179 2180 1935 1936 1937 1911 1912 1913 2154 2155 2156 2181 2182 2183 1938 1939 1940 
21 22 23 264 265 266 291 292 293 48 49 50 24 25 26 267 268 269 294 295 296 51 52 53 
264 265 266 507 508 509 534 535 536 291 292 293 267 268 269 510 511 512 537 538 539 294 295 296 
507 508 509 750 751 752 777 778 779 534 535 536 510 511 512 753 754 755 780 781 782 537 538 539 
750 751 752 993 994 995 1020 1021 1022 777 778 779 753 754 755 996 997 998 1023 1024 1025 780 781 782 
993 994 995 1236 1237 1238 1263 1264 1265 1020 1021 1022 996 997 998 1239 1240 1241 1266 1267 1268 1023 1024 1025 
1236 1237 1238 1479 1480 1481 1506 1507 1508 1263 1264 1265 1239 1240 1241 1482 1483 1484 1509 1510 1511 1266 1267 1268 
1479 1480 1481 1722 1723 1724 1749 1750 1751 1506 1507 1508 1482 1483 1484 1725 1726 1727 1752 1753 1754 1509 1510 1511 
1722 1723 1724 1965 1966 1967 1992 1993 1994 1749 1750 1751 1725 1726 1727 1968 1969 1970 1995 1996 1997 1752 1753 1754 
48 49 50 291 292 293 318 319 320 75 76 77 51 52 53 294 295 296 321 322 323 78 79 80 
291 292 293 534 535 536 561 562 563 318 319 320 294 295 296 537 538 539 564 565 566 321 322 323 
534 535 536 777 778 779 804 805 806 561 562 563 537 538 539 780 781 782 807 808 809 564 565 566 
777 778 779 1020 1021 1022 1047 1048 1049 804 805 806 780 781 782 1023 1024 1025 1050 1051 1052 807 808 809 
1020 1021 1022 1263 1264 1265 1290 1291 1292 1047 1048 1049 1023 1024 1025 1266 1267 1268 1293 1294 1295 1050 1051 1052 
1263 1264 1265 1506 1507 1508 1533 1534 1535 1290 1291 1292 1266 1267 1268 1509 1510 1511 1536 1537 1538 1293 1294 1295 
1506 1507 1508 1749 1750 1751 1776 1777 1778 1533 1534 1535 1509 1510 1511 1752 1753 1754 1779 1780 1781 1536 1537 1538 
1749 1750 1751 1992 1993 1994 2019 2020 2021 1776 1777 1778 1752 1753 1754 1995 1996 1997 2022 2023 2024 1779 1780 1781 
75 76 77 318 319 320 345 346 347 102 103 104 78 79 80 321 322 323 348 349 350 105 106 107 
318 319 320 561 562 563 588 589 590 345 346 347 321 322 323 564 565 566 591 592 593 348 349 350 
561 562 563 804 805 806 831 832 833 588 589 590 564 565 566 807 808 809 834 835 836 591 592 593 
804 805 806 1047 1048 1049 1074 1075 1076 831 832 833 807 808 809 1050 1051 1052 1077 1078 1079 834 835 836 
1047 1048 1049 1290 1291 1292 1317 1318 1319 1074 1075 1076 1050 1051 1052 1293 1294 1295 1320 1321 1322 1077 1078 1079 
1290 1291 1292 1533 1534 1535 1560 1561 1562 1317 1318 1319 1293 1294 1295 1536 1537 1538 1563 1564 1565 1320 1321 1322 
1533 1534 1535 1776 1777 1778 1803 1804 1805 1560 1561 1562 1536 1537 1538 1779 1780 1781 1806 1807 1808 1563 1564 1565 
1776 1777 1778 2019 2020 2021 2046 2047 2048 1803 1804 1805 1779 1780 1781 2022 2023 2024 2049 2050 2051 1806 1807 1808 
102 103 104 345 346 347 372 373 374 129 130 131 105 106 107 348 349 350 375 376 377 132 133 134 
345 346 347 588 589 590 615 616 617 372 373 374 348 349 350 591 592 593 618 619 620 375 376 377 
588 589 590 831 832 833 858 859 860 615 616 617 591 592 593 834 835 836 861 862 863 618 619 620 
831 832 833 1074 1075 1076 1101 1102 1103 858 859 860 834 835 836 1077 1078 1079 1104 1105 1106 861 862 863 
1074 1075 1076 1317 1318 1319 1344 1345 1346 1101 1102 1103 1077 1078 1079 1320 1321 1322 1347 1348 1349 1104 1105 1106 
1317 1318 1319 1560 1561 1562 1587 1588 1589 1344 1345 1346 1320 1321 1322 1563 1564 1565 1590 1591 1592 1347 1348 1349 
1560 1561 1562 1803 1804 1805 1830 1831 1832 1587 1588 1589 1563 1564 1565 1806 1807 1808 1833 1834 1835 1590 1591 1592 
1803 1804 1805 2046 2047 2048 2073 2074 2075 1830 1831 1832 1806 1807 1808 2049 2050 2051 2076 2077 2078 1833 1834 1835 
129 130 131 372 373 374 399 400 401 156 157 158 132 133 134 375 376 377 402 403 404 159 160 161 
372 373 374 615 616 617 642 643 644 399 400 401 375 376 377 618 619 620 645 646 647 402 403 404 
615 616 617 858 859 860 885 886 887 642 643 644 618 619 620 861 862 863 888 889 890 645 646 647 
858 859 860 1101 1102 1103 1128 1129 1130 885 886 887 861 862 863 1104 1105 1106 1131 1132 1133 888 889 890 
1101 1102 1103 1344 1345 1346 1371 1372 1373 1128 1129 1130 1104 1105 1106 1347 1348 1349 1374 1375 1376 1131 1132 1133 
1344 1345 1346 1587 1588 1589 1614 1615 1616 1371 1372 1373 1347 1348 1349 1590 1591 1592 1617 1618 1619 1374 1375 1376 
1587 1588 1589 1830 1831 1832 1857 1858 1859 1614 1615 1616 1590 1591 1592 1833 1834 1835 1860 1861 1862 1617 1618 1619 
1830 1831 1832 2073 2074 2075 2100 2101 2102 1857 1858 1859 1833 1834 1835 2076 2077 2078 2103 2104 2105 1860 1861 1862 
156 157 158 399 400 401 426 427 428 183 184 185 159 160 161 402 403 404 429 430 431 186 187 188 
399 400 401 642 643 644 669 670 671 426 427 428 402 403 404 645 646 647 672 673 674 429 430 431 
642 643 644 885 886 887 912 913 914 669 670 671 645 646 647 888 889 890 915 916 917 672 673 674 
885 886 887 1128 1129 1130 1155 1156 1157 912 913 914 888 889 890 1131 1132 1133 1158 1159 1160 915 916 917 
1128 1129 1130 1371 1372 1373 1398 1399 1400 1155 1156 1157 1131 1132 1133 1374 1375 1376 1401 1402 1403 1158 1159 1160 
1371 1372 1373 1614 1615 1616 1641 1642 1643 1398 1399 1400 1374 1375 1376 1617 1618 1619 1644 1645 1646 1401 1402 1403 
1614 1615 1616 1857 1858 1859 1884 1885 1886 1641 1642 1643 1617 1618 1619 1860 1861 1862 1887 1888 1889 1644 1645 1646 
1857 1858 1859 2100 2101 2102 2127 2128 2129 1884 1885 1886 1860 1861 1862 2103 2104 2105 2130 2131 2132 1887 1888 1889 
183 184 185 426 427 428 453 454 455 210 211 212 186 187 188 429 430 431 456 457 458 213 214 215 
426 427 428 669 670 671 696 697 698 453 454 455 429 430 431 672 673 674 699 700 701 456 457 458 
669 670 671 912 913 914 939 940 941 696 697 698 672 673 674 915 916 917 942 943 944 699 700 701 
912 913 914 1155 1156 1157 1182 1183 1184 939 940 941 915 916 917 1158 1159 1160 1185 1186 1187 942 943 944 
1155 1156 1157 1398 1399 1400 1425 1426 1427 1182 1183 1184 1158 1159 1160 1401 1402 1403 1428 1429 1430 1185 1186 1187 
1398 1399 1400 1641 1642 1643 1668 1669 1670 1425 1426 1427 1401 1402 1403 1644 1645 1646 1671 1672 1673 1428 1429 1430 
1641 1642 1643 1884 1885 1886 1911 1912 1913 1668 1669 1670 1644 1645 1646 1887 1888 1889 1914 1915 1916 1671 1672 1673 
1884 1885 1886 2127 2128 2129 2154 2155 2156 1911 1912 1913 1887 1888 1889 2130 2131 2132 2157 2158 2159 1914 1915 1916 
210 211 212 453 454 455 480 481 482 237 238 239 213 214 215 456 457 458 483 484 485 240 241 242 
453 454 455 696 697 698 723 724 725 480 481 482 456 457 458 699 700 701 726 727 728 483 484 485 
696 697 698 939 940 941 966 967 968 723 724 725 699 700 701 942 943 944 969 970 971 726 727 728 
939 940 941 1182 1183 1184 1209 1210 1211 966 967 968 942 943 944 1185 1186 1187 1212 1213 1214 969 970 971 
1182 1183 1184 1425 1426 1427 1452 1453 1454 1209 1210 1211 1185 1186 1187 1428 1429 1430 1455 1456 1457 1212 1213 1214 
1425 1426 1427 1668 1669 1670 1695 1696 1697 1452 1453 1454 1428 1429 1430 1671 1672 1673 1698 1699 1700 1455 1456 1457 
1668 1669 1670 1911 1912 1913 1938 1939 1940 1695 1696 1697 1671 1672 1673 1914 1915 1916 1941 1942 1943 1698 1699 1700 
1911 1912 1913 2154 2155 2156 2181 2182 2183 1938 1939 1940 1914 1915 1916 2157 2158 2159 2184 2185 2186 1941 1942 1943 
