256 1782
0 1 2 54 55 56 60 61 62 6 7 8 3 4 5 57 58 59 63 64 65 9 10 11 
54 55 56 108 109 110 114 115 116 60 61 62 57 58 59 111 112 113 117 118 119 63 64 65 
108 109 110 162 163 164 168 169 170 114 115 116 111 112 113 165 166 167 171 172 173 117 118 119 
162 163 164 216 217 218 222 223 224 168 169 170 165 166 167 219 220 221 225 226 227 171 172 173 
216 217 218 270 271 272 276 277 278 222 223 224 219 220 221 273 274 275 279 280 281 225 226 227 
270 271 272 324 325 326 330 331 332 276 277 278 273 274 275 327 328 329 333 334 335 279 280 281 
324 325 326 378 379 380 384 385 386 330 331 332 327 328 329 381 382 383 387 388 389 333 334 335 
378 379 380 432 433 434 438 439 440 384 385 386 381 382 383 435 436 437 441 442 443 387 388 389 
432 433 434 486 487 488 492 493 494 438 439 440 435 436 437 489 490 491 495 496 497 441 442 443 
486 487 488 540 541 542 546 547 548 492 493 494 489 490 491 543 544 545 549 550 551 495 496 497 
540 541 542 594 595 596 600 601 602 546 547 548 543 544 545 597 598 599 603 604 605 549 550 551 
594 595 596 648 649 650 654 655 656 600 601 602 597 598 599 651 652 653 657 658 659 603 604 605 
648 649 650 702 703 704 708 709 710 654 655 656 651 652 653 705 706 707 711 712 713 657 658 659 
702 703 704 756 757 758 762 763 764 708 709 710 705 706 707 759 760 761 765 766 767 711 712 713 
756 757 758 810 811 812 816 817 818 762 763 764 759 760 761 813 814 815 819 820 821 765 766 767 
810 811 812 864 865 866 870 871 872 816 817 818 813 814 815 867 868 869 873 874 875 819 820 821 
864 865 866 918 919 920 924 925 926 870 871 872 867 868 869 921 922 923 927 928 929 873 874 875 
918 919 920 972 973 974 978 979 980 924 925 926 921 922 923 975 976 977 981 982 983 927 928 929 
972 973 974 1026 1027 1028 1032 1033 1034 978 979 980 975 976 977 1029 1030 1031 1035 1036 1037 981 982 983 
1026 1027 1028 1080 1081 1082 1086 1087 1088 1032 1033 1034 1029 1030 1031 1083 1084 1085 1089 1090 1091 1035 1036 1037 
1080 1081 1082 1134 1135 1136 1140 1141 1142 1086 1087 1088 1083 1084 1085 1137 1138 1139 1143 1144 1145 1089 1090 1091 
1134 1135 1136 1188 1189 1190 1194 1195 1196 1140 1141 1142 1137 1138 1139 1191 1192 1193 1197 1198 1199 1143 1144 1145 
1188 1189 1190 1242 1243 1244 1248 1249 1250 1194 1195 1196 1191 1192 1193 1245 1246 1247 1251 1252 1253 1197 1198 1199 
1242 1243 1244 1296 1297 1298 1302 1303 1304 1248 1249 1250 1245 1246 1247 1299 1300 1301 1305 1306 1307 1251 1252 1253 
1296 1297 1298 1350 1351 1352 1356 1357 1358 1302 1303 1304 1299 1300 1301 1353 1354 1355 1359 1360 1361 1305 1306 1307 
1350 1351 1352 1404 1405 1406 1410 1411 1412 1356 1357 1358 1353 1354 1355 1407 1408 1409 1413 1414 1415 1359 1360 1361 
1404 1405 1406 1458 1459 1460 1464 1465 1466 1410 1411 1412 1407 1408 1409 1461 1462 1463 1467 1468 1469 1413 1414 1415 
1458 1459 1460 1512 1513 1514 1518 1519 1520 1464 1465 1466 1461 1462 1463 1515 1516 1517 1521 1522 1523 1467 1468 1469 
1512 1513 1514 1566 1567 1568 1572 1573 1574 1518 1519 1520 1515 1516 1517 1569 1570 1571 1575 1576 1577 1521 1522 1523 
1566 1567 1568 1620 1621 1622 1626 1627 1628 1572 1573 1574 1569 1570 1571 1623 1624 1625 1629 1630 1631 1575 1576 1577 
1620 1621 1622 1674 1675 1676 1680 1681 1682 1626 1627 1628 1623 1624 1625 1677 1678 1679 1683 1684 1685 1629 1630 1631 
1674 1675 1676 1728 1729 1730 1734 1735 1736 1680 1681 1682 1677 1678 1679 1731 1732 1733 1737 1738 1739 1683 1684 1685 
6 7 8 60 61 62 66 67 68 12 13 14 9 10 11 63 64 65 69 70 71 15 16 17 
60 61 62 114 115 116 120 121 122 66 67 68 63 64 65 117 118 119 123 124 125 69 70 71 
114 115 116 168 169 170 174 175 176 120 121 122 117 118 119 171 172 173 177 178 179 123 124 125 
168 169 170 222 223 224 228 229 230 174 175 176 171 172 173 225 226 227 231 232 233 177 178 179 
222 223 224 276 277 278 282 283 284 228 229 230 225 226 227 279 280 281 285 286 287 231 232 233 
276 277 278 330 331 332 336 337 338 282 283 284 279 280 281 333 334 335 339 340 341 285 286 287 
330 331 332 384 385 386 390 391 392 336 337 338 333 334 335 387 388 389 393 394 395 339 340 341 
384 385 386 438 439 440 444 445 446 390 391 392 387 388 389 441 442 443 447 448 449 393 394 395 
438 439 440 492 493 494 498 499 500 444 445 446 441 442 443 495 496 497 501 502 503 447 448 449 
492 493 494 546 547 548 552 553 554 498 499 500 495 496 497 549 550 551 555 556 557 501 502 503 
546 547 548 600 601 602 606 607 608 552 553 554 549 550 551 603 604 605 609 610 611 555 556 557 
600 601 602 654 655 656 660 661 662 606 607 608 603 604 605 657 658 659 663 664 665 609 610 611 
654 655 656 708 709 710 714 715 716 660 661 662 657 658 659 711 712 713 717 718 719 663 664 665 
708 709 710 762 763 764 768 769 770 714 715 716 711 712 713 765 766 767 771 772 773 717 718 719 
762 763 764 816 817 818 822 823 824 768 769 770 765 766 767 819 820 821 825 826 827 771 772 773 
816 817 818 870 871 872 876 877 878 822 823 824 819 820 821 873 874 875 879 880 881 825 826 827 
870 871 872 924 925 926 930 931 932 876 877 878 873 874 875 927 928 929 933 934 935 879 880 881 
924 925 926 978 979 980 984 985 986 930 931 932 927 928 929 981 982 983 987 988 989 933 934 935 
978 979 980 1032 1033 1034 1038 1039 1040 984 985 986 981 982 983 1035 1036 1037 1041 1042 1043 987 988 989 
1032 1033 1034 1086 1087 1088 1092 1093 1094 1038 1039 1040 1035 1036 1037 1089 1090 1091 1095 1096 1097 1041 1042 1043 
1086 1087 1088 1140 1141 1142 1146 1147 1148 1092 1093 1094 1089 1090 1091 1143 1144 1145 1149 1150 1151 1095 1096 1097 
1140 1141 1142 1194 1195 1196 1200 1201 1202 1146 1147 1148 1143 1144 1145 1197 1198 1199 1203 1204 1205 1149 1150 1151 
1194 1195 1196 1248 1249 1250 1254 1255 1256 1200 1201 1202 1197 1198 1199 1251 1252 1253 1257 1258 1259 1203 1204 1205 
1248 1249 1250 1302 1303 1304 1308 1309 1310 1254 1255 1256 1251 1252 1253 1305 1306 1307 1311 1312 1313 1257 1258 1259 
1302 1303 1304 1356 1357 1358 1362 1363 1364 1308 1309 1310 1305 1306 1307 1359 1360 1361 1365 1366 1367 1311 1312 1313 
1356 1357 1358 1410 1411 1412 1416 1417 1418 1362 1363 1364 1359 1360 1361 1413 1414 1415 1419 1420 1421 1365 1366 1367 
1410 1411 1412 1464 1465 1466 1470 1471 1472 1416 1417 1418 1413 1414 1415 1467 1468 1469 1473 1474 1475 1419 1420 1421 
1464 1465 1466 1518 1519 1520 1524 1525 1526 1470 1471 1472 1467 1468 1469 1521 1522 1523 1527 1528 1529 1473 1474 1475 
1518 1519 1520 1572 1573 1574 1578 1579 1580 1524 1525 1526 1521 1522 1523 1575 1576 1577 1581 1582 1583 1527 1528 1529 
1572 1573 1574 1626 1627 1628 1632 1633 1634 1578 1579 1580 1575 1576 1577 1629 1630 1631 1635 1636 1637 1581 1582 1583 
1626 1627 1628 1680 1681 1682 1686 1687 1688 1632 1633 1634 1629 1630 1631 1683 1684 1685 1689 1690 1691 1635 1636 1637 
1680 1681 1682 1734 1735 1736 1740 1741 1742 1686 1687 1688 1683 1684 1685 1737 1738 1739 1743 1744 1745 1689 1690 1691 
12 13 14 66 67 68 72 73 74 18 19 20 15 16 17 69 70 71 75 76 77 21 22 23 
66 67 68 120 121 122 126 127 128 72 73 74 69 70 71 123 124 125 129 130 131 75 76 77 
120 121 122 174 175 176 180 181 182 126 127 128 123 124 125 177 178 179 183 184 185 129 130 131 
174 175 176 228 229 230 234 235 236 180 181 182 177 178 179 231 232 233 237 238 239 183 184 185 
228 229 230 282 283 284 288 289 290 234 235 236 231 232 233 285 286 287 291 292 293 237 238 239 
282 283 284 336 337 338 342 343 344 288 289 290 285 286 287 339 340 341 345 346 347 291 292 293 
336 337 338 390 391 392 396 397 398 342 343 344 339 340 341 393 394 395 399 400 401 345 346 347 
390 391 392 444 445 446 450 451 452 396 397 398 393 394 395 447 448 449 453 454 455 399 400 401 
444 445 446 498 499 500 504 505 506 450 451 452 447 448 449 501 502 503 507 508 509 453 454 455 
498 499 500 552 553 554 558 559 560 504 505 506 501 502 503 555 556 557 561 562 563 507 508 509 
552 553 554 606 607 608 612 613 614 558 559 560 555 556 557 609 610 611 615 616 617 561 562 563 
606 607 608 660 661 662 666 667 668 612 613 614 609 610 611 663 664 665 669 670 671 615 616 617 
660 661 662 714 715 716 720 721 722 666 667 668 663 664 665 717 718 719 723 724 725 669 670 671 
714 715 716 768 769 770 774 775 776 720 721 722 717 718 719 771 772 773 777 778 779 723 724 725 
768 769 770 822 823 824 828 829 830 774 775 776 771 772 773 825 826 827 831 832 833 777 778 779 
822 823 824 876 877 878 882 883 884 828 829 830 825 826 827 879 880 881 885 886 887 831 832 833 
876 877 878 930 931 932 936 937 938 882 883 884 879 880 881 933 934 935 939 940 941 885 886 887 
930 931 932 984 985 986 990 991 992 936 937 938 933 934 935 987 988 989 993 994 995 939 940 941 
984 985 986 1038 1039 1040 1044 1045 1046 990 991 992 987 988 989 1041 1042 1043 1047 1048 1049 993 994 995 
1038 1039 1040 1092 1093 1094 1098 1099 1100 1044 1045 1046 1041 1042 1043 1095 1096 1097 1101 1102 1103 1047 1048 1049 
1092 1093 1094 1146 1147 1148 1152 1153 1154 1098 1099 1100 1095 1096 1097 1149 1150 1151 1155 1156 1157 1101 1102 1103 
1146 1147 1148 1200 1201 1202 1206 1207 1208 1152 1153 1154 1149 1150 1151 1203 1204 1205 1209 1210 1211 1155 1156 1157 
1200 1201 1202 1254 1255 1256 1260 1261 1262 1206 1207 1208 1203 1204 1205 1257 1258 1259 1263 1264 1265 1209 1210 1211 
1254 1255 1256 1308 1309 1310 1314 1315 1316 1260 1261 1262 1257 1258 1259 1311 1312 1313 1317 1318 1319 1263 1264 1265 
1308 1309 1310 1362 1363 1364 1368 1369 1370 1314 1315 1316 1311 1312 1313 1365 1366 1367 1371 1372 1373 1317 1318 1319 
1362 1363 1364 1416 1417 1418 1422 1423 1424 1368 1369 1370 1365 1366 1367 1419 1420 1421 1425 1426 1427 1371 1372 1373 
1416 1417 1418 1470 1471 1472 1476 1477 1478 1422 1423 1424 1419 1420 1421 1473 1474 1475 1479 1480 1481 1425 1426 1427 
1470 1471 1472 1524 1525 1526 1530 1531 1532 1476 1477 1478 1473 1474 1475 1527 1528 1529 1533 1534 1535 1479 1480 1481 
1524 1525 1526 1578 1579 1580 1584 1585 1586 1530 1531 1532 1527 1528 1529 1581 1582 1583 1587 1588 1589 1533 1534 1535 
1578 1579 1580 1632 1633 1634 1638 1639 1640 1584 1585 1586 1581 1582 1583 1635 1636 1637 1641 1642 1643 1587 1588 1589 
1632 1633 1634 1686 1687 1688 1692 1693 1694 1638 1639 1640 1635 1636 1637 1689 1690 1691 1695 1696 1697 1641 1642 1643 
1686 1687 1688 1740 1741 1742 1746 1747 1748 1692 1693 1694 1689 1690 1691 1743 1744 1745 1749 1750 1751 1695 1696 1697 
18 19 20 72 73 74 78 79 80 24 25 26 21 22 23 75 76 77 81 82 83 27 28 29 
72 73 74 126 127 128 132 133 134 78 79 80 75 76 77 129 130 131 135 136 137 81 82 83 
126 127 128 180 181 182 186 187 188 132 133 134 129 130 131 183 184 185 189 190 191 135 136 137 
180 181 182 234 235 236 240 241 242 186 187 188 183 184 185 237 238 239 243 244 245 189 190 191 
234 235 236 288 289 290 294 295 296 240 241 242 237 238 239 291 292 293 297 298 299 243 244 245 
288 289 290 342 343 344 348 349 350 294 295 296 291 292 293 345 346 347 351 352 353 297 298 299 
342 343 344 396 397 398 402 403 404 348 349 350 345 346 347 399 400 401 405 406 407 351 352 353 
396 397 398 450 451 452 456 457 458 402 403 404 399 400 401 453 454 455 459 460 461 405 406 407 
450 451 452 504 505 506 510 511 512 456 457 458 453 454 455 507 508 509 513 514 515 459 460 461 
504 505 506 558 559 560 564 565 566 510 511 512 507 508 509 561 562 563 567 568 569 513 514 515 
558 559 560 612 613 614 618 619 620 564 565 566 561 562 563 615 616 617 621 622 623 567 568 569 
612 613 614 666 667 668 672 673 674 618 619 620 615 616 617 669 670 671 675 676 677 621 622 623 
666 667 668 720 721 722 726 727 728 672 673 674 669 670 671 723 724 725 729 730 731 675 676 677 
720 721 722 774 775 776 780 781 782 726 727 728 723 724 725 777 778 779 783 784 785 729 730 731 
774 775 776 828 829 830 834 835 836 780 781 782 777 778 779 831 832 833 837 838 839 783 784 785 
828 829 830 882 883 884 888 889 890 834 835 836 831 832 833 885 886 887 891 892 893 837 838 839 
882 883 884 936 937 938 942 943 944 888 889 890 885 886 887 939 940 941 945 946 947 891 892 893 
936 937 938 990 991 992 996 997 998 942 943 944 939 940 941 993 994 995 999 1000 1001 945 946 947 
990 991 992 1044 1045 1046 1050 1051 1052 996 997 998 993 994 995 1047 1048 1049 1053 1054 1055 999 1000 1001 
1044 1045 1046 1098 1099 1100 1104 1105 1106 1050 1051 1052 1047 1048 1049 1101 1102 1103 1107 1108 1109 1053 1054 1055 
1098 1099 1100 1152 1153 1154 1158 1159 1160 1104 1105 1106 1101 1102 1103 1155 1156 1157 1161 1162 1163 1107 1108 1109 
1152 1153 1154 1206 1207 1208 1212 1213 1214 1158 1159 1160 1155 1156 1157 1209 1210 1211 1215 1216 1217 1161 1162 1163 
1206 1207 1208 1260 1261 1262 1266 1267 1268 1212 1213 1214 1209 1210 1211 1263 1264 1265 1269 1270 1271 1215 1216 1217 
1260 1261 1262 1314 1315 1316 1320 1321 1322 1266 1267 1268 1263 1264 1265 1317 1318 1319 1323 1324 1325 1269 1270 1271 
1314 1315 1316 1368 1369 1370 1374 1375 1376 1320 1321 1322 1317 1318 1319 1371 1372 1373 1377 1378 1379 1323 1324 1325 
1368 1369 1370 1422 1423 1424 1428 1429 1430 1374 1375 1376 1371 1372 1373 1425 1426 1427 1431 1432 1433 1377 1378 1379 
1422 1423 1424 1476 1477 1478 1482 1483 1484 1428 1429 1430 1425 1426 1427 1479 1480 1481 1485 1486 1487 1431 1432 1433 
1476 1477 1478 1530 1531 1532 1536 1537 1538 1482 1483 1484 1479 1480 1481 1533 1534 1535 1539 1540 1541 1485 1486 1487 
1530 1531 1532 1584 1585 1586 1590 1591 1592 1536 1537 1538 1533 1534 1535 1587 1588 1589 1593 1594 1595 1539 1540 1541 
1584 1585 1586 1638 1639 1640 1644 1645 1646 1590 1591 1592 1587 1588 1589 1641 1642 1643 1647 1648 1649 1593 1594 1595 
1638 1639 1640 1692 1693 1694 1698 1699 1700 1644 1645 1646 1641 1642 1643 1695 1696 1697 1701 1702 1703 1647 1648 1649 
1692 1693 1694 1746 1747 1748 1752 1753 1754 1698 1699 1700 1695 1696 1697 1749 1750 1751 1755 1756 1757 1701 1702 1703 
24 25 26 78 79 80 84 85 86 30 31 32 27 28 29 81 82 83 87 88 89 33 34 35 
78 79 80 132 133 134 138 139 140 84 85 86 81 82 83 135 136 137 141 142 143 87 88 89 
132 133 134 186 187 188 192 193 194 138 139 140 135 136 137 189 190 191 195 196 197 141 142 143 
186 187 188 240 241 242 246 247 248 192 193 194 189 190 191 243 244 245 249 250 251 195 196 197 
240 241 242 294 295 296 300 301 302 246 247 248 243 244 245 297 298 299 303 304 305 249 250 251 
294 295 296 348 349 350 354 355 356 300 301 302 297 298 299 351 352 353 357 358 359 303 304 305 
348 349 350 402 403 404 408 409 410 354 355 356 351 352 353 405 406 407 411 412 413 357 358 359 
402 403 404 456 457 458 462 463 464 408 409 410 405 406 407 459 460 461 465 466 467 411 412 413 
456 457 458 510 511 512 516 517 518 462 463 464 459 460 461 513 514 515 519 520 521 465 466 467 
510 511 512 564 565 566 570 571 572 516 517 518 513 514 515 567 568 569 573 574 575 519 520 521 
564 565 566 618 619 620 624 625 626 570 571 572 567 568 569 621 622 623 627 628 629 573 574 575 
618 619 620 672 673 674 678 679 680 624 625 626 621 622 623 675 676 677 681 682 683 627 628 629 
672 673 674 726 727 728 732 733 734 678 679 680 675 676 677 729 730 731 735 736 737 681 682 683 
726 727 728 780 781 782 786 787 788 732 733 734 729 730 731 783 784 785 789 790 791 735 736 737 
780 781 782 834 835 836 840 841 842 786 787 788 783 784 785 837 838 839 843 844 845 789 790 791 
834 835 836 888 889 890 894 895 896 840 841 842 837 838 839 891 892 893 897 898 899 843 844 845 
888 889 890 942 943 944 948 949 950 894 895 896 891 892 893 945 946 947 951 952 953 897 898 899 
942 943 944 996 997 998 1002 1003 1004 948 949 950 945 946 947 999 1000 1001 1005 1006 1007 951 952 953 
996 997 998 1050 1051 1052 1056 1057 1058 1002 1003 1004 999 1000 1001 1053 1054 1055 1059 1060 1061 1005 1006 1007 
1050 1051 1052 1104 1105 1106 1110 1111 1112 1056 1057 1058 1053 1054 1055 1107 1108 1109 1113 1114 1115 1059 1060 1061 
1104 1105 1106 1158 1159 1160 1164 1165 1166 1110 1111 1112 1107 1108 1109 1161 1162 1163 1167 1168 1169 1113 1114 1115 
1158 1159 1160 1212 1213 1214 1218 1219 1220 1164 1165 1166 1161 1162 1163 1215 1216 1217 1221 1222 1223 1167 1168 1169 
1212 1213 1214 1266 1267 1268 1272 1273 1274 1218 1219 1220 1215 1216 1217 1269 1270 1271 1275 1276 1277 1221 1222 1223 
1266 1267 1268 1320 1321 1322 1326 1327 1328 1272 1273 1274 1269 1270 1271 1323 1324 1325 1329 1330 1331 1275 1276 1277 
1320 1321 1322 1374 1375 1376 1380 1381 1382 1326 1327 1328 1323 1324 1325 1377 1378 1379 1383 1384 1385 1329 1330 1331 
1374 1375 1376 1428 1429 1430 1434 1435 1436 1380 1381 1382 1377 1378 1379 1431 1432 1433 1437 1438 1439 1383 1384 1385 
1428 1429 1430 1482 1483 1484 1488 1489 1490 1434 1435 1436 1431 1432 1433 1485 1486 1487 1491 1492 1493 1437 1438 1439 
1482 1483 1484 1536 1537 1538 1542 1543 1544 1488 1489 1490 1485 1486 1487 1539 1540 1541 1545 1546 1547 1491 1492 1493 
1536 1537 1538 1590 1591 1592 1596 1597 1598 1542 1543 1544 1539 1540 1541 1593 1594 1595 1599 1600 1601 1545 1546 1547 
1590 1591 1592 1644 1645 1646 1650 1651 1652 1596 1597 1598 1593 1594 1595 1647 1648 1649 1653 1654 1655 1599 1600 1601 
1644 1645 1646 1698 1699 1700 1704 1705 1706 1650 1651 1652 1647 1648 1649 1701 1702 1703 1707 1708 1709 1653 1654 1655 
1698 1699 1700 1752 1753 1754 1758 1759 1760 1704 1705 1706 1701 1702 1703 1755 1756 1757 1761 1762 1763 1707 1708 1709 
30 31 32 84 85 86 90 91 92 36 37 38 33 34 35 87 88 89 93 94 95 39 40 41 
84 85 86 138 139 140 144 145 146 90 91 92 87 88 89 141 142 143 147 148 149 93 94 95 
138 139 140 192 193 194 198 199 200 144 145 146 141 142 143 195 196 197 201 202 203 147 148 149 
192 193 194 246 247 248 252 253 254 198 199 200 195 196 197 249 250 251 255 256 257 201 202 203 
246 247 248 300 301 302 306 307 308 252 253 254 249 250 251 303 304 305 309 310 311 255 256 257 
300 301 302 354 355 356 360 361 362 306 307 308 303 304 305 357 358 359 363 364 365 309 310 311 
354 355 356 408 409 410 414 415 416 360 361 362 357 358 359 411 412 413 417 418 419 363 364 365 
408 409 410 462 463 464 468 469 470 414 415 416 411 412 413 465 466 467 471 472 473 417 418 419 
462 463 464 516 517 518 522 523 524 468 469 470 465 466 467 519 520 521 525 526 527 471 472 473 
516 517 518 570 571 572 576 577 578 522 523 524 519 520 521 573 574 575 579 580 581 525 526 527 
570 571 572 624 625 626 630 631 632 576 577 578 573 574 575 627 628 629 633 634 635 579 580 581 
624 625 626 678 679 680 684 685 686 630 631 632 627 628 629 681 682 683 687 688 689 633 634 635 
678 679 680 732 733 734 738 739 740 684 685 686 681 682 683 735 736 737 741 742 743 687 688 689 
732 733 734 786 787 788 792 793 794 738 739 740 735 736 737 789 790 791 795 796 797 741 742 743 
786 787 788 840 841 842 846 847 848 792 793 794 789 790 791 843 844 845 849 850 851 795 796 797 
840 841 842 894 895 896 900 901 902 846 847 848 843 844 845 897 898 899 903 904 905 849 850 851 
894 895 896 948 949 950 954 955 956 900 901 902 897 898 899 951 952 953 957 958 959 903 904 905 
948 949 950 1002 1003 1004 1008 1009 1010 954 955 956 951 952 953 1005 1006 1007 1011 1012 1013 957 958 959 
1002 1003 1004 1056 1057 1058 1062 1063 1064 1008 1009 1010 1005 1006 1007 1059 1060 1061 1065 1066 1067 1011 1012 1013 
1056 1057 1058 1110 1111 1112 1116 1117 1118 1062 1063 1064 1059 1060 1061 1113 1114 1115 1119 1120 1121 1065 1066 1067 
1110 1111 1112 1164 1165 1166 1170 1171 1172 1116 1117 1118 1113 1114 1115 1167 1168 1169 1173 1174 1175 1119 1120 1121 
1164 1165 1166 1218 1219 1220 1224 1225 1226 1170 1171 1172 1167 1168 1169 1221 1222 1223 1227 1228 1229 1173 1174 1175 
1218 1219 1220 1272 1273 1274 1278 1279 1280 1224 1225 1226 1221 1222 1223 1275 1276 1277 1281 1282 1283 1227 1228 1229 
1272 1273 1274 1326 1327 1328 1332 1333 1334 1278 1279 1280 1275 1276 1277 1329 1330 1331 1335 1336 1337 1281 1282 1283 
1326 1327 1328 1380 1381 1382 1386 1387 1388 1332 1333 1334 1329 1330 1331 1383 1384 1385 1389 1390 1391 1335 1336 1337 
1380 1381 1382 1434 1435 1436 1440 1441 1442 1386 1387 1388 1383 1384 1385 1437 1438 1439 1443 1444 1445 1389 1390 1391 
1434 1435 1436 1488 1489 1490 1494 1495 1496 1440 1441 1442 1437 1438 1439 1491 1492 1493 1497 1498 1499 1443 1444 1445 
1488 1489 1490 1542 1543 1544 1548 1549 1550 1494 1495 1496 1491 1492 1493 1545 1546 1547 1551 1552 1553 1497 1498 1499 
1542 1543 1544 1596 1597 1598 1602 1603 1604 1548 1549 1550 1545 1546 1547 1599 1600 1601 1605 1606 1607 1551 1552 1553 
1596 1597 1598 1650 1651 1652 1656 1657 1658 1602 1603 1604 1599 1600 1601 1653 1654 1655 1659 1660 1661 1605 1606 1607 
1650 1651 1652 1704 1705 1706 1710 1711 1712 1656 1657 1658 1653 1654 1655 1707 1708 1709 1713 1714 1715 1659 1660 1661 
1704 1705 1706 1758 1759 1760 1764 1765 1766 1710 1711 1712 1707 1708 1709 1761 1762 1763 1767 1768 1769 1713 1714 1715 
36 37 38 90 91 92 96 97 98 42 43 44 39 40 41 93 94 95 99 100 101 45 46 47 
90 91 92 144 145 146 150 151 152 96 97 98 93 94 95 147 148 149 153 154 155 99 100 101 
144 145 146 198 199 200 204 205 206 150 151 152 147 148 149 201 202 203 207 208 209 153 154 155 
198 199 200 252 253 254 258 259 260 204 205 206 201 202 203 255 256 257 261 262 263 207 208 209 
252 253 254 306 307 308 312 313 314 258 259 260 255 256 257 309 310 311 315 316 317 261 262 263 
306 307 308 360 361 362 366 367 368 312 313 314 309 310 311 363 364 365 369 370 371 315 316 317 
360 361 362 414 415 416 420 421 422 366 367 368 363 364 365 417 418 419 423 424 425 369 370 371 
414 415 416 468 469 470 474 475 476 420 421 422 417 418 419 471 472 473 477 478 479 423 424 425 
468 469 470 522 523 524 528 529 530 474 475 476 471 472 473 525 526 527 531 532 533 477 478 479 
522 523 524 576 577 578 582 583 584 528 529 530 525 526 527 579 580 581 585 586 587 531 532 533 
576 577 578 630 631 632 636 637 638 582 583 584 579 580 581 633 634 635 639 640 641 585 586 587 
630 631 632 684 685 686 690 691 692 636 637 638 633 634 635 687 688 689 693 694 695 639 640 641 
684 685 686 738 739 740 744 745 746 690 691 692 687 688 689 741 742 743 747 748 749 693 694 695 
738 739 740 792 793 794 798 799 800 744 745 746 741 742 743 795 796 797 801 802 803 747 748 749 
792 793 794 846 847 848 852 853 854 798 799 800 795 796 797 849 850 851 855 856 857 801 802 803 
846 847 848 900 901 902 906 907 908 852 853 854 849 850 851 903 904 905 909 910 911 855 856 857 
900 901 902 954 955 956 960 961 962 906 907 908 903 904 905 957 958 959 963 964 965 909 910 911 
954 955 956 1008 1009 1010 1014 1015 1016 960 961 962 957 958 959 1011 1012 1013 1017 1018 1019 963 964 965 
1008 1009 1010 1062 1063 1064 1068 1069 1070 1014 1015 1016 1011 1012 1013 1065 1066 1067 1071 1072 1073 1017 1018 1019 
1062 1063 1064 1116 1117 1118 1122 1123 1124 1068 1069 1070 1065 1066 1067 1119 1120 1121 1125 1126 1127 1071 1072 1073 
1116 1117 1118 1170 1171 1172 1176 1177 1178 1122 1123 1124 1119 1120 1121 1173 1174 1175 1179 1180 1181 1125 1126 1127 
1170 1171 1172 1224 1225 1226 1230 1231 1232 1176 1177 1178 1173 1174 1175 1227 1228 1229 1233 1234 1235 1179 1180 1181 
1224 1225 1226 1278 1279 1280 1284 1285 1286 1230 1231 1232 1227 1228 1229 1281 1282 1283 1287 1288 1289 1233 1234 1235 
1278 1279 1280 1332 1333 1334 1338 1339 1340 1284 1285 1286 1281 1282 1283 1335 1336 1337 1341 1342 1343 1287 1288 1289 
1332 1333 1334 1386 1387 1388 1392 1393 1394 1338 1339 1340 1335 1336 1337 1389 1390 1391 1395 1396 1397 1341 1342 1343 
1386 1387 1388 1440 1441 1442 1446 1447 1448 1392 1393 1394 1389 1390 1391 1443 1444 1445 1449 1450 1451 1395 1396 1397 
1440 1441 1442 1494 1495 1496 1500 1501 1502 1446 1447 1448 1443 1444 1445 1497 1498 1499 1503 1504 1505 1449 1450 1451 
1494 1495 1496 1548 1549 1550 1554 1555 1556 1500 1501 1502 1497 1498 1499 1551 1552 1553 1557 1558 1559 1503 1504 1505 
1548 1549 1550 1602 1603 1604 1608 1609 1610 1554 1555 1556 1551 1552 1553 1605 1606 1607 1611 1612 1613 1557 1558 1559 
1602 1603 1604 1656 1657 1658 1662 1663 1664 1608 1609 1610 1605 1606 1607 1659 1660 1661 1665 1666 1667 1611 1612 1613 
1656 1657 1658 1710 1711 1712 1716 1717 1718 1662 1663 1664 1659 1660 1661 1713 1714 1715 1719 1720 1721 1665 1666 1667 
1710 1711 1712 1764 1765 1766 1770 1771 1772 1716 1717 1718 1713 1714 1715 1767 1768 1769 1773 1774 1775 1719 1720 1721 
42 43 44 96 97 98 102 103 104 48 49 50 45 46 47 99 100 101 105 106 107 51 52 53 
96 97 98 150 151 152 156 157 158 102 103 104 99 100 101 153 154 155 159 160 161 105 106 107 
150 151 152 204 205 206 210 211 212 156 157 158 153 154 155 207 208 209 213 214 215 159 160 161 
204 205 206 258 259 260 264 265 266 210 211 212 207 208 209 261 262 263 267 268 269 213 214 215 
258 259 260 312 313 314 318 319 320 264 265 266 261 262 263 315 316 317 321 322 323 267 268 269 
312 313 314 366 367 368 372 373 374 318 319 320 315 316 317 369 370 371 375 376 377 321 322 323 
366 367 368 420 421 422 426 427 428 372 373 374 369 370 371 423 424 425 429 430 431 375 376 377 
420 421 422 474 475 476 480 481 482 426 427 428 423 424 425 477 478 479 483 484 485 429 430 431 
474 475 476 528 529 530 534 535 536 480 481 482 477 478 479 531 532 533 537 538 539 483 484 485 
528 529 530 582 583 584 588 589 590 534 535 536 531 532 533 585 586 587 591 592 593 537 538 539 
582 583 584 636 637 638 642 643 644 588 589 590 585 586 587 639 640 641 645 646 647 591 592 593 
636 637 638 690 691 692 696 697 698 642 643 644 639 640 641 693 694 695 699 700 701 645 646 647 
690 691 692 744 745 746 750 751 752 696 697 698 693 694 695 747 748 749 753 754 755 699 700 701 
744 745 746 798 799 800 804 805 806 750 751 752 747 748 749 801 802 803 807 808 809 753 754 755 
798 799 800 852 853 854 858 859 860 804 805 806 801 802 803 855 856 857 861 862 863 807 808 809 
852 853 854 906 907 908 912 913 914 858 859 860 855 856 857 909 910 911 915 916 917 861 862 863 
906 907 908 960 961 962 966 967 968 912 913 914 909 910 911 963 964 965 969 970 971 915 916 917 
960 961 962 1014 1015 1016 1020 1021 1022 966 967 968 963 964 965 1017 1018 1019 1023 1024 1025 969 970 971 
1014 1015 1016 1068 1069 1070 1074 1075 1076 1020 1021 1022 1017 1018 1019 1071 1072 1073 1077 1078 1079 1023 1024 1025 
1068 1069 1070 1122 1123 1124 1128 1129 1130 1074 1075 1076 1071 1072 1073 1125 1126 1127 1131 1132 1133 1077 1078 1079 
1122 1123 1124 1176 1177 1178 1182 1183 1184 1128 1129 1130 1125 1126 1127 1179 1180 1181 1185 1186 1187 1131 1132 1133 
1176 1177 1178 1230 1231 1232 1236 1237 1238 1182 1183 1184 1179 1180 1181 1233 1234 1235 1239 1240 1241 1185 1186 1187 
1230 1231 1232 1284 1285 1286 1290 1291 1292 1236 1237 1238 1233 1234 1235 1287 1288 1289 1293 1294 1295 1239 1240 1241 
1284 1285 1286 1338 1339 1340 1344 1345 1346 1290 1291 1292 1287 1288 1289 1341 1342 1343 1347 1348 1349 1293 1294 1295 
1338 1339 1340 1392 1393 1394 1398 1399 1400 1344 1345 1346 1341 1342 1343 1395 1396 1397 1401 1402 1403 1347 1348 1349 
1392 1393 1394 1446 1447 1448 1452 1453 1454 1398 1399 1400 1395 1396 1397 1449 1450 1451 1455 1456 1457 1401 1402 1403 
1446 1447 1448 1500 1501 1502 1506 1507 1508 1452 1453 1454 1449 1450 1451 1503 1504 1505 1509 1510 1511 1455 1456 1457 
1500 1501 1502 1554 1555 1556 1560 1561 1562 1506 1507 1508 1503 1504 1505 1557 1558 1559 1563 1564 1565 1509 1510 1511 
1554 1555 1556 1608 1609 1610 1614 1615 1616 1560 1561 1562 1557 1558 1559 1611 1612 1613 1617 1618 1619 1563 1564 1565 
1608 1609 1610 1662 1663 1664 1668 1669 1670 1614 1615 1616 1611 1612 1613 1665 1666 1667 1671 1672 1673 1617 1618 1619 
1662 1663 1664 1716 1717 1718 1722 1723 1724 1668 1669 1670 1665 1666 1667 1719 1720 1721 1725 1726 1727 1671 1672 1673 
1716 1717 1718 1770 1771 1772 1776 1777 1778 1722 1723 1724 1719 1720 1721 1773 1774 1775 1779 1780 1781 1725 1726 1727 
