48 285
1 2 3 28 29 30 37 38 39 10 11 12 4 5 6 31 32 33 40 41 42 13 14 15 
10 11 12 37 38 39 46 47 48 19 20 21 13 14 15 40 41 42 49 50 51 22 23 24 
4 5 6 31 32 33 40 41 42 13 14 15 7 8 9 34 35 36 43 44 45 16 17 18 
13 14 15 40 41 42 49 50 51 22 23 24 16 17 18 43 44 45 52 53 54 25 26 27 
7 8 9 34 35 36 43 44 45 16 17 18 55 56 57 73 74 75 79 80 81 61 62 63 
16 17 18 43 44 45 52 53 54 25 26 27 61 62 63 79 80 81 85 86 87 67 68 69 
55 56 57 73 74 75 79 80 81 61 62 63 58 59 60 76 77 78 82 83 84 64 65 66 
61 62 63 79 80 81 85 86 87 67 68 69 64 65 66 82 83 84 88 89 90 70 71 72 
19 20 21 46 47 48 103 104 105 91 92 93 22 23 24 49 50 51 106 107 108 94 95 96 
91 92 93 103 104 105 109 110 111 97 98 99 94 95 96 106 107 108 112 113 114 100 101 102 
22 23 24 49 50 51 106 107 108 94 95 96 25 26 27 52 53 54 85 86 87 67 68 69 
94 95 96 106 107 108 112 113 114 100 101 102 67 68 69 85 86 87 88 89 90 70 71 72 
28 29 30 115 116 117 124 125 126 37 38 39 31 32 33 118 119 120 127 128 129 40 41 42 
115 116 117 142 143 144 151 152 153 124 125 126 118 119 120 145 146 147 154 155 156 127 128 129 
37 38 39 124 125 126 133 134 135 46 47 48 40 41 42 127 128 129 136 137 138 49 50 51 
124 125 126 151 152 153 160 161 162 133 134 135 127 128 129 154 155 156 163 164 165 136 137 138 
31 32 33 118 119 120 127 128 129 40 41 42 34 35 36 121 122 123 130 131 132 43 44 45 
118 119 120 145 146 147 154 155 156 127 128 129 121 122 123 148 149 150 157 158 159 130 131 132 
40 41 42 127 128 129 136 137 138 49 50 51 43 44 45 130 131 132 139 140 141 52 53 54 
127 128 129 154 155 156 163 164 165 136 137 138 130 131 132 157 158 159 166 167 168 139 140 141 
34 35 36 121 122 123 130 131 132 43 44 45 73 74 75 169 170 171 175 176 177 79 80 81 
121 122 123 148 149 150 157 158 159 130 131 132 169 170 171 187 188 189 193 194 195 175 176 177 
43 44 45 130 131 132 139 140 141 52 53 54 79 80 81 175 176 177 181 182 183 85 86 87 
130 131 132 157 158 159 166 167 168 139 140 141 175 176 177 193 194 195 199 200 201 181 182 183 
73 74 75 169 170 171 175 176 177 79 80 81 76 77 78 172 173 174 178 179 180 82 83 84 
169 170 171 187 188 189 193 194 195 175 176 177 172 173 174 190 191 192 196 197 198 178 179 180 
79 80 81 175 176 177 181 182 183 85 86 87 82 83 84 178 179 180 184 185 186 88 89 90 
175 176 177 193 194 195 199 200 201 181 182 183 178 179 180 196 197 198 202 203 204 184 185 186 
46 47 48 133 134 135 205 206 207 103 104 105 49 50 51 136 137 138 208 209 210 106 107 108 
133 134 135 160 161 162 217 218 219 205 206 207 136 137 138 163 164 165 220 221 222 208 209 210 
103 104 105 205 206 207 211 212 213 109 110 111 106 107 108 208 209 210 214 215 216 112 113 114 
205 206 207 217 218 219 223 224 225 211 212 213 208 209 210 220 221 222 226 227 228 214 215 216 
49 50 51 136 137 138 208 209 210 106 107 108 52 53 54 139 140 141 181 182 183 85 86 87 
136 137 138 163 164 165 220 221 222 208 209 210 139 140 141 166 167 168 199 200 201 181 182 183 
106 107 108 208 209 210 214 215 216 112 113 114 85 86 87 181 182 183 184 185 186 88 89 90 
208 209 210 220 221 222 226 227 228 214 215 216 181 182 183 199 200 201 202 203 204 184 185 186 
142 143 144 229 230 231 238 239 240 151 152 153 145 146 147 232 233 234 241 242 243 154 155 156 
151 152 153 238 239 240 247 248 249 160 161 162 154 155 156 241 242 243 250 251 252 163 164 165 
145 146 147 232 233 234 241 242 243 154 155 156 148 149 150 235 236 237 244 245 246 157 158 159 
154 155 156 241 242 243 250 251 252 163 164 165 157 158 159 244 245 246 253 254 255 166 167 168 
148 149 150 235 236 237 244 245 246 157 158 159 187 188 189 256 257 258 262 263 264 193 194 195 
157 158 159 244 245 246 253 254 255 166 167 168 193 194 195 262 263 264 268 269 270 199 200 201 
187 188 189 256 257 258 262 263 264 193 194 195 190 191 192 259 260 261 265 266 267 196 197 198 
193 194 195 262 263 264 268 269 270 199 200 201 196 197 198 265 266 267 271 272 273 202 203 204 
160 161 162 247 248 249 274 275 276 217 218 219 163 164 165 250 251 252 277 278 279 220 221 222 
217 218 219 274 275 276 280 281 282 223 224 225 220 221 222 277 278 279 283 284 285 226 227 228 
163 164 165 250 251 252 277 278 279 220 221 222 166 167 168 253 254 255 268 269 270 199 200 201 
220 221 222 277 278 279 283 284 285 226 227 228 199 200 201 268 269 270 271 272 273 202 203 204 
