1283 2002
0 1 2 108 109 110 126 127 128 18 19 20 3 4 5 111 112 113 129 130 131 21 22 23 
18 19 20 126 127 128 144 145 146 36 37 38 21 22 23 129 130 131 147 148 149 39 40 41 
36 37 38 144 145 146 162 163 164 54 55 56 39 40 41 147 148 149 165 166 167 57 58 59 
54 55 56 162 163 164 180 181 182 72 73 74 57 58 59 165 166 167 183 184 185 75 76 77 
72 73 74 180 181 182 198 199 200 90 91 92 75 76 77 183 184 185 201 202 203 93 94 95 
3 4 5 111 112 113 129 130 131 21 22 23 6 7 8 114 115 116 132 133 134 24 25 26 
21 22 23 129 130 131 147 148 149 39 40 41 24 25 26 132 133 134 150 151 152 42 43 44 
39 40 41 147 148 149 165 166 167 57 58 59 42 43 44 150 151 152 168 169 170 60 61 62 
57 58 59 165 166 167 183 184 185 75 76 77 60 61 62 168 169 170 186 187 188 78 79 80 
75 76 77 183 184 185 201 202 203 93 94 95 78 79 80 186 187 188 204 205 206 96 97 98 
6 7 8 114 115 116 132 133 134 24 25 26 9 10 11 117 118 119 135 136 137 27 28 29 
24 25 26 132 133 134 150 151 152 42 43 44 27 28 29 135 136 137 153 154 155 45 46 47 
42 43 44 150 151 152 168 169 170 60 61 62 45 46 47 153 154 155 171 172 173 63 64 65 
60 61 62 168 169 170 186 187 188 78 79 80 63 64 65 171 172 173 189 190 191 81 82 83 
78 79 80 186 187 188 204 205 206 96 97 98 81 82 83 189 190 191 207 208 209 99 100 101 
9 10 11 117 118 119 135 136 137 27 28 29 12 13 14 120 121 122 138 139 140 30 31 32 
27 28 29 135 136 137 153 154 155 45 46 47 30 31 32 138 139 140 156 157 158 48 49 50 
45 46 47 153 154 155 171 172 173 63 64 65 48 49 50 156 157 158 174 175 176 66 67 68 
63 64 65 171 172 173 189 190 191 81 82 83 66 67 68 174 175 176 192 193 194 84 85 86 
81 82 83 189 190 191 207 208 209 99 100 101 84 85 86 192 193 194 210 211 212 102 103 104 
12 13 14 120 121 122 138 139 140 30 31 32 15 16 17 123 124 125 141 142 143 33 34 35 
30 31 32 138 139 140 156 157 158 48 49 50 33 34 35 141 142 143 159 160 161 51 52 53 
48 49 50 156 157 158 174 175 176 66 67 68 51 52 53 159 160 161 177 178 179 69 70 71 
66 67 68 174 175 176 192 193 194 84 85 86 69 70 71 177 178 179 195 196 197 87 88 89 
84 85 86 192 193 194 210 211 212 102 103 104 87 88 89 195 196 197 213 214 215 105 106 107 
15 16 17 123 124 125 141 142 143 33 34 35 216 217 218 306 307 308 321 322 323 231 232 233 
33 34 35 141 142 143 159 160 161 51 52 53 231 232 233 321 322 323 336 337 338 246 247 248 
51 52 53 159 160 161 177 178 179 69 70 71 246 247 248 336 337 338 351 352 353 261 262 263 
69 70 71 177 178 179 195 196 197 87 88 89 261 262 263 351 352 353 366 367 368 276 277 278 
87 88 89 195 196 197 213 214 215 105 106 107 276 277 278 366 367 368 381 382 383 291 292 293 
216 217 218 306 307 308 321 322 323 231 232 233 219 220 221 309 310 311 324 325 326 234 235 236 
231 232 233 321 322 323 336 337 338 246 247 248 234 235 236 324 325 326 339 340 341 249 250 251 
246 247 248 336 337 338 351 352 353 261 262 263 249 250 251 339 340 341 354 355 356 264 265 266 
261 262 263 351 352 353 366 367 368 276 277 278 264 265 266 354 355 356 369 370 371 279 280 281 
276 277 278 366 367 368 381 382 383 291 292 293 279 280 281 369 370 371 384 385 386 294 295 296 
219 220 221 309 310 311 324 325 326 234 235 236 222 223 224 312 313 314 327 328 329 237 238 239 
234 235 236 324 325 326 339 340 341 249 250 251 237 238 239 327 328 329 342 343 344 252 253 254 
249 250 251 339 340 341 354 355 356 264 265 266 252 253 254 342 343 344 357 358 359 267 268 269 
264 265 266 354 355 356 369 370 371 279 280 281 267 268 269 357 358 359 372 373 374 282 283 284 
279 280 281 369 370 371 384 385 386 294 295 296 282 283 284 372 373 374 387 388 389 297 298 299 
222 223 224 312 313 314 327 328 329 237 238 239 225 226 227 315 316 317 330 331 332 240 241 242 
237 238 239 327 328 329 342 343 344 252 253 254 240 241 242 330 331 332 345 346 347 255 256 257 
252 253 254 342 343 344 357 358 359 267 268 269 255 256 257 345 346 347 360 361 362 270 271 272 
267 268 269 357 358 359 372 373 374 282 283 284 270 271 272 360 361 362 375 376 377 285 286 287 
282 283 284 372 373 374 387 388 389 297 298 299 285 286 287 375 376 377 390 391 392 300 301 302 
225 226 227 315 316 317 330 331 332 240 241 242 228 229 230 318 319 320 333 334 335 243 244 245 
240 241 242 330 331 332 345 346 347 255 256 257 243 244 245 333 334 335 348 349 350 258 259 260 
255 256 257 345 346 347 360 361 362 270 271 272 258 259 260 348 349 350 363 364 365 273 274 275 
270 271 272 360 361 362 375 376 377 285 286 287 273 274 275 363 364 365 378 379 380 288 289 290 
285 286 287 375 376 377 390 391 392 300 301 302 288 289 290 378 379 380 393 394 395 303 304 305 
90 91 92 198 199 200 471 472 473 396 397 398 93 94 95 201 202 203 474 475 476 399 400 401 
396 397 398 471 472 473 486 487 488 411 412 413 399 400 401 474 475 476 489 490 491 414 415 416 
411 412 413 486 487 488 501 502 503 426 427 428 414 415 416 489 490 491 504 505 506 429 430 431 
426 427 428 501 502 503 516 517 518 441 442 443 429 430 431 504 505 506 519 520 521 444 445 446 
441 442 443 516 517 518 531 532 533 456 457 458 444 445 446 519 520 521 534 535 536 459 460 461 
93 94 95 201 202 203 474 475 476 399 400 401 96 97 98 204 205 206 477 478 479 402 403 404 
399 400 401 474 475 476 489 490 491 414 415 416 402 403 404 477 478 479 492 493 494 417 418 419 
414 415 416 489 490 491 504 505 506 429 430 431 417 418 419 492 493 494 507 508 509 432 433 434 
429 430 431 504 505 506 519 520 521 444 445 446 432 433 434 507 508 509 522 523 524 447 448 449 
444 445 446 519 520 521 534 535 536 459 460 461 447 448 449 522 523 524 537 538 539 462 463 464 
96 97 98 204 205 206 477 478 479 402 403 404 99 100 101 207 208 209 480 481 482 405 406 407 
402 403 404 477 478 479 492 493 494 417 418 419 405 406 407 480 481 482 495 496 497 420 421 422 
417 418 419 492 493 494 507 508 509 432 433 434 420 421 422 495 496 497 510 511 512 435 436 437 
432 433 434 507 508 509 522 523 524 447 448 449 435 436 437 510 511 512 525 526 527 450 451 452 
447 448 449 522 523 524 537 538 539 462 463 464 450 451 452 525 526 527 540 541 542 465 466 467 
99 100 101 207 208 209 480 481 482 405 406 407 102 103 104 210 211 212 483 484 485 408 409 410 
405 406 407 480 481 482 495 496 497 420 421 422 408 409 410 483 484 485 498 499 500 423 424 425 
420 421 422 495 496 497 510 511 512 435 436 437 423 424 425 498 499 500 513 514 515 438 439 440 
435 436 437 510 511 512 525 526 527 450 451 452 438 439 440 513 514 515 528 529 530 453 454 455 
450 451 452 525 526 527 540 541 542 465 466 467 453 454 455 528 529 530 543 544 545 468 469 470 
102 103 104 210 211 212 483 484 485 408 409 410 105 106 107 213 214 215 381 382 383 291 292 293 
408 409 410 483 484 485 498 499 500 423 424 425 291 292 293 381 382 383 384 385 386 294 295 296 
423 424 425 498 499 500 513 514 515 438 439 440 294 295 296 384 385 386 387 388 389 297 298 299 
438 439 440 513 514 515 528 529 530 453 454 455 297 298 299 387 388 389 390 391 392 300 301 302 
453 454 455 528 529 530 543 544 545 468 469 470 300 301 302 390 391 392 393 394 395 303 304 305 
546 547 548 654 655 656 672 673 674 564 565 566 549 550 551 657 658 659 675 676 677 567 568 569 
654 655 656 762 763 764 780 781 782 672 673 674 657 658 659 765 766 767 783 784 785 675 676 677 
762 763 764 870 871 872 888 889 890 780 781 782 765 766 767 873 874 875 891 892 893 783 784 785 
564 565 566 672 673 674 690 691 692 582 583 584 567 568 569 675 676 677 693 694 695 585 586 587 
672 673 674 780 781 782 798 799 800 690 691 692 675 676 677 783 784 785 801 802 803 693 694 695 
780 781 782 888 889 890 906 907 908 798 799 800 783 784 785 891 892 893 909 910 911 801 802 803 
582 583 584 690 691 692 708 709 710 600 601 602 585 586 587 693 694 695 711 712 713 603 604 605 
690 691 692 798 799 800 816 817 818 708 709 710 693 694 695 801 802 803 819 820 821 711 712 713 
798 799 800 906 907 908 924 925 926 816 817 818 801 802 803 909 910 911 927 928 929 819 820 821 
600 601 602 708 709 710 726 727 728 618 619 620 603 604 605 711 712 713 729 730 731 621 622 623 
708 709 710 816 817 818 834 835 836 726 727 728 711 712 713 819 820 821 837 838 839 729 730 731 
816 817 818 924 925 926 942 943 944 834 835 836 819 820 821 927 928 929 945 946 947 837 838 839 
618 619 620 726 727 728 744 745 746 636 637 638 621 622 623 729 730 731 747 748 749 639 640 641 
726 727 728 834 835 836 852 853 854 744 745 746 729 730 731 837 838 839 855 856 857 747 748 749 
834 835 836 942 943 944 960 961 962 852 853 854 837 838 839 945 946 947 963 964 965 855 856 857 
549 550 551 657 658 659 675 676 677 567 568 569 552 553 554 660 661 662 678 679 680 570 571 572 
657 658 659 765 766 767 783 784 785 675 676 677 660 661 662 768 769 770 786 787 788 678 679 680 
765 766 767 873 874 875 891 892 893 783 784 785 768 769 770 876 877 878 894 895 896 786 787 788 
567 568 569 675 676 677 693 694 695 585 586 587 570 571 572 678 679 680 696 697 698 588 589 590 
675 676 677 783 784 785 801 802 803 693 694 695 678 679 680 786 787 788 804 805 806 696 697 698 
783 784 785 891 892 893 909 910 911 801 802 803 786 787 788 894 895 896 912 913 914 804 805 806 
585 586 587 693 694 695 711 712 713 603 604 605 588 589 590 696 697 698 714 715 716 606 607 608 
693 694 695 801 802 803 819 820 821 711 712 713 696 697 698 804 805 806 822 823 824 714 715 716 
801 802 803 909 910 911 927 928 929 819 820 821 804 805 806 912 913 914 930 931 932 822 823 824 
603 604 605 711 712 713 729 730 731 621 622 623 606 607 608 714 715 716 732 733 734 624 625 626 
711 712 713 819 820 821 837 838 839 729 730 731 714 715 716 822 823 824 840 841 842 732 733 734 
819 820 821 927 928 929 945 946 947 837 838 839 822 823 824 930 931 932 948 949 950 840 841 842 
621 622 623 729 730 731 747 748 749 639 640 641 624 625 626 732 733 734 750 751 752 642 643 644 
729 730 731 837 838 839 855 856 857 747 748 749 732 733 734 840 841 842 858 859 860 750 751 752 
837 838 839 945 946 947 963 964 965 855 856 857 840 841 842 948 949 950 966 967 968 858 859 860 
552 553 554 660 661 662 678 679 680 570 571 572 555 556 557 663 664 665 681 682 683 573 574 575 
660 661 662 768 769 770 786 787 788 678 679 680 663 664 665 771 772 773 789 790 791 681 682 683 
768 769 770 876 877 878 894 895 896 786 787 788 771 772 773 879 880 881 897 898 899 789 790 791 
570 571 572 678 679 680 696 697 698 588 589 590 573 574 575 681 682 683 699 700 701 591 592 593 
678 679 680 786 787 788 804 805 806 696 697 698 681 682 683 789 790 791 807 808 809 699 700 701 
786 787 788 894 895 896 912 913 914 804 805 806 789 790 791 897 898 899 915 916 917 807 808 809 
588 589 590 696 697 698 714 715 716 606 607 608 591 592 593 699 700 701 717 718 719 609 610 611 
696 697 698 804 805 806 822 823 824 714 715 716 699 700 701 807 808 809 825 826 827 717 718 719 
804 805 806 912 913 914 930 931 932 822 823 824 807 808 809 915 916 917 933 934 935 825 826 827 
606 607 608 714 715 716 732 733 734 624 625 626 609 610 611 717 718 719 735 736 737 627 628 629 
714 715 716 822 823 824 840 841 842 732 733 734 717 718 719 825 826 827 843 844 845 735 736 737 
822 823 824 930 931 932 948 949 950 840 841 842 825 826 827 933 934 935 951 952 953 843 844 845 
624 625 626 732 733 734 750 751 752 642 643 644 627 628 629 735 736 737 753 754 755 645 646 647 
732 733 734 840 841 842 858 859 860 750 751 752 735 736 737 843 844 845 861 862 863 753 754 755 
840 841 842 948 949 950 966 967 968 858 859 860 843 844 845 951 952 953 969 970 971 861 862 863 
555 556 557 663 664 665 681 682 683 573 574 575 558 559 560 666 667 668 684 685 686 576 577 578 
663 664 665 771 772 773 789 790 791 681 682 683 666 667 668 774 775 776 792 793 794 684 685 686 
771 772 773 879 880 881 897 898 899 789 790 791 774 775 776 882 883 884 900 901 902 792 793 794 
573 574 575 681 682 683 699 700 701 591 592 593 576 577 578 684 685 686 702 703 704 594 595 596 
681 682 683 789 790 791 807 808 809 699 700 701 684 685 686 792 793 794 810 811 812 702 703 704 
789 790 791 897 898 899 915 916 917 807 808 809 792 793 794 900 901 902 918 919 920 810 811 812 
591 592 593 699 700 701 717 718 719 609 610 611 594 595 596 702 703 704 720 721 722 612 613 614 
699 700 701 807 808 809 825 826 827 717 718 719 702 703 704 810 811 812 828 829 830 720 721 722 
807 808 809 915 916 917 933 934 935 825 826 827 810 811 812 918 919 920 936 937 938 828 829 830 
609 610 611 717 718 719 735 736 737 627 628 629 612 613 614 720 721 722 738 739 740 630 631 632 
717 718 719 825 826 827 843 844 845 735 736 737 720 721 722 828 829 830 846 847 848 738 739 740 
825 826 827 933 934 935 951 952 953 843 844 845 828 829 830 936 937 938 954 955 956 846 847 848 
627 628 629 735 736 737 753 754 755 645 646 647 630 631 632 738 739 740 756 757 758 648 649 650 
735 736 737 843 844 845 861 862 863 753 754 755 738 739 740 846 847 848 864 865 866 756 757 758 
843 844 845 951 952 953 969 970 971 861 862 863 846 847 848 954 955 956 972 973 974 864 865 866 
558 559 560 666 667 668 684 685 686 576 577 578 561 562 563 669 670 671 687 688 689 579 580 581 
666 667 668 774 775 776 792 793 794 684 685 686 669 670 671 777 778 779 795 796 797 687 688 689 
774 775 776 882 883 884 900 901 902 792 793 794 777 778 779 885 886 887 903 904 905 795 796 797 
576 577 578 684 685 686 702 703 704 594 595 596 579 580 581 687 688 689 705 706 707 597 598 599 
684 685 686 792 793 794 810 811 812 702 703 704 687 688 689 795 796 797 813 814 815 705 706 707 
792 793 794 900 901 902 918 919 920 810 811 812 795 796 797 903 904 905 921 922 923 813 814 815 
594 595 596 702 703 704 720 721 722 612 613 614 597 598 599 705 706 707 723 724 725 615 616 617 
702 703 704 810 811 812 828 829 830 720 721 722 705 706 707 813 814 815 831 832 833 723 724 725 
810 811 812 918 919 920 936 937 938 828 829 830 813 814 815 921 922 923 939 940 941 831 832 833 
612 613 614 720 721 722 738 739 740 630 631 632 615 616 617 723 724 725 741 742 743 633 634 635 
720 721 722 828 829 830 846 847 848 738 739 740 723 724 725 831 832 833 849 850 851 741 742 743 
828 829 830 936 937 938 954 955 956 846 847 848 831 832 833 939 940 941 957 958 959 849 850 851 
630 631 632 738 739 740 756 757 758 648 649 650 633 634 635 741 742 743 759 760 761 651 652 653 
738 739 740 846 847 848 864 865 866 756 757 758 741 742 743 849 850 851 867 868 869 759 760 761 
846 847 848 954 955 956 972 973 974 864 865 866 849 850 851 957 958 959 975 976 977 867 868 869 
561 562 563 669 670 671 687 688 689 579 580 581 978 979 980 1068 1069 1070 1083 1084 1085 993 994 995 
669 670 671 777 778 779 795 796 797 687 688 689 1068 1069 1070 1158 1159 1160 1173 1174 1175 1083 1084 1085 
777 778 779 885 886 887 903 904 905 795 796 797 1158 1159 1160 1248 1249 1250 1263 1264 1265 1173 1174 1175 
579 580 581 687 688 689 705 706 707 597 598 599 993 994 995 1083 1084 1085 1098 1099 1100 1008 1009 1010 
687 688 689 795 796 797 813 814 815 705 706 707 1083 1084 1085 1173 1174 1175 1188 1189 1190 1098 1099 1100 
795 796 797 903 904 905 921 922 923 813 814 815 1173 1174 1175 1263 1264 1265 1278 1279 1280 1188 1189 1190 
597 598 599 705 706 707 723 724 725 615 616 617 1008 1009 1010 1098 1099 1100 1113 1114 1115 1023 1024 1025 
705 706 707 813 814 815 831 832 833 723 724 725 1098 1099 1100 1188 1189 1190 1203 1204 1205 1113 1114 1115 
813 814 815 921 922 923 939 940 941 831 832 833 1188 1189 1190 1278 1279 1280 1293 1294 1295 1203 1204 1205 
615 616 617 723 724 725 741 742 743 633 634 635 1023 1024 1025 1113 1114 1115 1128 1129 1130 1038 1039 1040 
723 724 725 831 832 833 849 850 851 741 742 743 1113 1114 1115 1203 1204 1205 1218 1219 1220 1128 1129 1130 
831 832 833 939 940 941 957 958 959 849 850 851 1203 1204 1205 1293 1294 1295 1308 1309 1310 1218 1219 1220 
633 634 635 741 742 743 759 760 761 651 652 653 1038 1039 1040 1128 1129 1130 1143 1144 1145 1053 1054 1055 
741 742 743 849 850 851 867 868 869 759 760 761 1128 1129 1130 1218 1219 1220 1233 1234 1235 1143 1144 1145 
849 850 851 957 958 959 975 976 977 867 868 869 1218 1219 1220 1308 1309 1310 1323 1324 1325 1233 1234 1235 
978 979 980 1068 1069 1070 1083 1084 1085 993 994 995 981 982 983 1071 1072 1073 1086 1087 1088 996 997 998 
1068 1069 1070 1158 1159 1160 1173 1174 1175 1083 1084 1085 1071 1072 1073 1161 1162 1163 1176 1177 1178 1086 1087 1088 
1158 1159 1160 1248 1249 1250 1263 1264 1265 1173 1174 1175 1161 1162 1163 1251 1252 1253 1266 1267 1268 1176 1177 1178 
993 994 995 1083 1084 1085 1098 1099 1100 1008 1009 1010 996 997 998 1086 1087 1088 1101 1102 1103 1011 1012 1013 
1083 1084 1085 1173 1174 1175 1188 1189 1190 1098 1099 1100 1086 1087 1088 1176 1177 1178 1191 1192 1193 1101 1102 1103 
1173 1174 1175 1263 1264 1265 1278 1279 1280 1188 1189 1190 1176 1177 1178 1266 1267 1268 1281 1282 1283 1191 1192 1193 
1008 1009 1010 1098 1099 1100 1113 1114 1115 1023 1024 1025 1011 1012 1013 1101 1102 1103 1116 1117 1118 1026 1027 1028 
1098 1099 1100 1188 1189 1190 1203 1204 1205 1113 1114 1115 1101 1102 1103 1191 1192 1193 1206 1207 1208 1116 1117 1118 
1188 1189 1190 1278 1279 1280 1293 1294 1295 1203 1204 1205 1191 1192 1193 1281 1282 1283 1296 1297 1298 1206 1207 1208 
1023 1024 1025 1113 1114 1115 1128 1129 1130 1038 1039 1040 1026 1027 1028 1116 1117 1118 1131 1132 1133 1041 1042 1043 
1113 1114 1115 1203 1204 1205 1218 1219 1220 1128 1129 1130 1116 1117 1118 1206 1207 1208 1221 1222 1223 1131 1132 1133 
1203 1204 1205 1293 1294 1295 1308 1309 1310 1218 1219 1220 1206 1207 1208 1296 1297 1298 1311 1312 1313 1221 1222 1223 
1038 1039 1040 1128 1129 1130 1143 1144 1145 1053 1054 1055 1041 1042 1043 1131 1132 1133 1146 1147 1148 1056 1057 1058 
1128 1129 1130 1218 1219 1220 1233 1234 1235 1143 1144 1145 1131 1132 1133 1221 1222 1223 1236 1237 1238 1146 1147 1148 
1218 1219 1220 1308 1309 1310 1323 1324 1325 1233 1234 1235 1221 1222 1223 1311 1312 1313 1326 1327 1328 1236 1237 1238 
981 982 983 1071 1072 1073 1086 1087 1088 996 997 998 984 985 986 1074 1075 1076 1089 1090 1091 999 1000 1001 
1071 1072 1073 1161 1162 1163 1176 1177 1178 1086 1087 1088 1074 1075 1076 1164 1165 1166 1179 1180 1181 1089 1090 1091 
1161 1162 1163 1251 1252 1253 1266 1267 1268 1176 1177 1178 1164 1165 1166 1254 1255 1256 1269 1270 1271 1179 1180 1181 
996 997 998 1086 1087 1088 1101 1102 1103 1011 1012 1013 999 1000 1001 1089 1090 1091 1104 1105 1106 1014 1015 1016 
1086 1087 1088 1176 1177 1178 1191 1192 1193 1101 1102 1103 1089 1090 1091 1179 1180 1181 1194 1195 1196 1104 1105 1106 
1176 1177 1178 1266 1267 1268 1281 1282 1283 1191 1192 1193 1179 1180 1181 1269 1270 1271 1284 1285 1286 1194 1195 1196 
1011 1012 1013 1101 1102 1103 1116 1117 1118 1026 1027 1028 1014 1015 1016 1104 1105 1106 1119 1120 1121 1029 1030 1031 
1101 1102 1103 1191 1192 1193 1206 1207 1208 1116 1117 1118 1104 1105 1106 1194 1195 1196 1209 1210 1211 1119 1120 1121 
1191 1192 1193 1281 1282 1283 1296 1297 1298 1206 1207 1208 1194 1195 1196 1284 1285 1286 1299 1300 1301 1209 1210 1211 
1026 1027 1028 1116 1117 1118 1131 1132 1133 1041 1042 1043 1029 1030 1031 1119 1120 1121 1134 1135 1136 1044 1045 1046 
1116 1117 1118 1206 1207 1208 1221 1222 1223 1131 1132 1133 1119 1120 1121 1209 1210 1211 1224 1225 1226 1134 1135 1136 
1206 1207 1208 1296 1297 1298 1311 1312 1313 1221 1222 1223 1209 1210 1211 1299 1300 1301 1314 1315 1316 1224 1225 1226 
1041 1042 1043 1131 1132 1133 1146 1147 1148 1056 1057 1058 1044 1045 1046 1134 1135 1136 1149 1150 1151 1059 1060 1061 
1131 1132 1133 1221 1222 1223 1236 1237 1238 1146 1147 1148 1134 1135 1136 1224 1225 1226 1239 1240 1241 1149 1150 1151 
1221 1222 1223 1311 1312 1313 1326 1327 1328 1236 1237 1238 1224 1225 1226 1314 1315 1316 1329 1330 1331 1239 1240 1241 
984 985 986 1074 1075 1076 1089 1090 1091 999 1000 1001 987 988 989 1077 1078 1079 1092 1093 1094 1002 1003 1004 
1074 1075 1076 1164 1165 1166 1179 1180 1181 1089 1090 1091 1077 1078 1079 1167 1168 1169 1182 1183 1184 1092 1093 1094 
1164 1165 1166 1254 1255 1256 1269 1270 1271 1179 1180 1181 1167 1168 1169 1257 1258 1259 1272 1273 1274 1182 1183 1184 
999 1000 1001 1089 1090 1091 1104 1105 1106 1014 1015 1016 1002 1003 1004 1092 1093 1094 1107 1108 1109 1017 1018 1019 
1089 1090 1091 1179 1180 1181 1194 1195 1196 1104 1105 1106 1092 1093 1094 1182 1183 1184 1197 1198 1199 1107 1108 1109 
1179 1180 1181 1269 1270 1271 1284 1285 1286 1194 1195 1196 1182 1183 1184 1272 1273 1274 1287 1288 1289 1197 1198 1199 
1014 1015 1016 1104 1105 1106 1119 1120 1121 1029 1030 1031 1017 1018 1019 1107 1108 1109 1122 1123 1124 1032 1033 1034 
1104 1105 1106 1194 1195 1196 1209 1210 1211 1119 1120 1121 1107 1108 1109 1197 1198 1199 1212 1213 1214 1122 1123 1124 
1194 1195 1196 1284 1285 1286 1299 1300 1301 1209 1210 1211 1197 1198 1199 1287 1288 1289 1302 1303 1304 1212 1213 1214 
1029 1030 1031 1119 1120 1121 1134 1135 1136 1044 1045 1046 1032 1033 1034 1122 1123 1124 1137 1138 1139 1047 1048 1049 
1119 1120 1121 1209 1210 1211 1224 1225 1226 1134 1135 1136 1122 1123 1124 1212 1213 1214 1227 1228 1229 1137 1138 1139 
1209 1210 1211 1299 1300 1301 1314 1315 1316 1224 1225 1226 1212 1213 1214 1302 1303 1304 1317 1318 1319 1227 1228 1229 
1044 1045 1046 1134 1135 1136 1149 1150 1151 1059 1060 1061 1047 1048 1049 1137 1138 1139 1152 1153 1154 1062 1063 1064 
1134 1135 1136 1224 1225 1226 1239 1240 1241 1149 1150 1151 1137 1138 1139 1227 1228 1229 1242 1243 1244 1152 1153 1154 
1224 1225 1226 1314 1315 1316 1329 1330 1331 1239 1240 1241 1227 1228 1229 1317 1318 1319 1332 1333 1334 1242 1243 1244 
987 988 989 1077 1078 1079 1092 1093 1094 1002 1003 1004 990 991 992 1080 1081 1082 1095 1096 1097 1005 1006 1007 
1077 1078 1079 1167 1168 1169 1182 1183 1184 1092 1093 1094 1080 1081 1082 1170 1171 1172 1185 1186 1187 1095 1096 1097 
1167 1168 1169 1257 1258 1259 1272 1273 1274 1182 1183 1184 1170 1171 1172 1260 1261 1262 1275 1276 1277 1185 1186 1187 
1002 1003 1004 1092 1093 1094 1107 1108 1109 1017 1018 1019 1005 1006 1007 1095 1096 1097 1110 1111 1112 1020 1021 1022 
1092 1093 1094 1182 1183 1184 1197 1198 1199 1107 1108 1109 1095 1096 1097 1185 1186 1187 1200 1201 1202 1110 1111 1112 
1182 1183 1184 1272 1273 1274 1287 1288 1289 1197 1198 1199 1185 1186 1187 1275 1276 1277 1290 1291 1292 1200 1201 1202 
1017 1018 1019 1107 1108 1109 1122 1123 1124 1032 1033 1034 1020 1021 1022 1110 1111 1112 1125 1126 1127 1035 1036 1037 
1107 1108 1109 1197 1198 1199 1212 1213 1214 1122 1123 1124 1110 1111 1112 1200 1201 1202 1215 1216 1217 1125 1126 1127 
1197 1198 1199 1287 1288 1289 1302 1303 1304 1212 1213 1214 1200 1201 1202 1290 1291 1292 1305 1306 1307 1215 1216 1217 
1032 1033 1034 1122 1123 1124 1137 1138 1139 1047 1048 1049 1035 1036 1037 1125 1126 1127 1140 1141 1142 1050 1051 1052 
1122 1123 1124 1212 1213 1214 1227 1228 1229 1137 1138 1139 1125 1126 1127 1215 1216 1217 1230 1231 1232 1140 1141 1142 
1212 1213 1214 1302 1303 1304 1317 1318 1319 1227 1228 1229 1215 1216 1217 1305 1306 1307 1320 1321 1322 1230 1231 1232 
1047 1048 1049 1137 1138 1139 1152 1153 1154 1062 1063 1064 1050 1051 1052 1140 1141 1142 1155 1156 1157 1065 1066 1067 
1137 1138 1139 1227 1228 1229 1242 1243 1244 1152 1153 1154 1140 1141 1142 1230 1231 1232 1245 1246 1247 1155 1156 1157 
1227 1228 1229 1317 1318 1319 1332 1333 1334 1242 1243 1244 1230 1231 1232 1320 1321 1322 1335 1336 1337 1245 1246 1247 
636 637 638 744 745 746 1413 1414 1415 1338 1339 1340 639 640 641 747 748 749 1416 1417 1418 1341 1342 1343 
744 745 746 852 853 854 1488 1489 1490 1413 1414 1415 747 748 749 855 856 857 1491 1492 1493 1416 1417 1418 
852 853 854 960 961 962 1563 1564 1565 1488 1489 1490 855 856 857 963 964 965 1566 1567 1568 1491 1492 1493 
1338 1339 1340 1413 1414 1415 1428 1429 1430 1353 1354 1355 1341 1342 1343 1416 1417 1418 1431 1432 1433 1356 1357 1358 
1413 1414 1415 1488 1489 1490 1503 1504 1505 1428 1429 1430 1416 1417 1418 1491 1492 1493 1506 1507 1508 1431 1432 1433 
1488 1489 1490 1563 1564 1565 1578 1579 1580 1503 1504 1505 1491 1492 1493 1566 1567 1568 1581 1582 1583 1506 1507 1508 
1353 1354 1355 1428 1429 1430 1443 1444 1445 1368 1369 1370 1356 1357 1358 1431 1432 1433 1446 1447 1448 1371 1372 1373 
1428 1429 1430 1503 1504 1505 1518 1519 1520 1443 1444 1445 1431 1432 1433 1506 1507 1508 1521 1522 1523 1446 1447 1448 
1503 1504 1505 1578 1579 1580 1593 1594 1595 1518 1519 1520 1506 1507 1508 1581 1582 1583 1596 1597 1598 1521 1522 1523 
1368 1369 1370 1443 1444 1445 1458 1459 1460 1383 1384 1385 1371 1372 1373 1446 1447 1448 1461 1462 1463 1386 1387 1388 
1443 1444 1445 1518 1519 1520 1533 1534 1535 1458 1459 1460 1446 1447 1448 1521 1522 1523 1536 1537 1538 1461 1462 1463 
1518 1519 1520 1593 1594 1595 1608 1609 1610 1533 1534 1535 1521 1522 1523 1596 1597 1598 1611 1612 1613 1536 1537 1538 
1383 1384 1385 1458 1459 1460 1473 1474 1475 1398 1399 1400 1386 1387 1388 1461 1462 1463 1476 1477 1478 1401 1402 1403 
1458 1459 1460 1533 1534 1535 1548 1549 1550 1473 1474 1475 1461 1462 1463 1536 1537 1538 1551 1552 1553 1476 1477 1478 
1533 1534 1535 1608 1609 1610 1623 1624 1625 1548 1549 1550 1536 1537 1538 1611 1612 1613 1626 1627 1628 1551 1552 1553 
639 640 641 747 748 749 1416 1417 1418 1341 1342 1343 642 643 644 750 751 752 1419 1420 1421 1344 1345 1346 
747 748 749 855 856 857 1491 1492 1493 1416 1417 1418 750 751 752 858 859 860 1494 1495 1496 1419 1420 1421 
855 856 857 963 964 965 1566 1567 1568 1491 1492 1493 858 859 860 966 967 968 1569 1570 1571 1494 1495 1496 
1341 1342 1343 1416 1417 1418 1431 1432 1433 1356 1357 1358 1344 1345 1346 1419 1420 1421 1434 1435 1436 1359 1360 1361 
1416 1417 1418 1491 1492 1493 1506 1507 1508 1431 1432 1433 1419 1420 1421 1494 1495 1496 1509 1510 1511 1434 1435 1436 
1491 1492 1493 1566 1567 1568 1581 1582 1583 1506 1507 1508 1494 1495 1496 1569 1570 1571 1584 1585 1586 1509 1510 1511 
1356 1357 1358 1431 1432 1433 1446 1447 1448 1371 1372 1373 1359 1360 1361 1434 1435 1436 1449 1450 1451 1374 1375 1376 
1431 1432 1433 1506 1507 1508 1521 1522 1523 1446 1447 1448 1434 1435 1436 1509 1510 1511 1524 1525 1526 1449 1450 1451 
1506 1507 1508 1581 1582 1583 1596 1597 1598 1521 1522 1523 1509 1510 1511 1584 1585 1586 1599 1600 1601 1524 1525 1526 
1371 1372 1373 1446 1447 1448 1461 1462 1463 1386 1387 1388 1374 1375 1376 1449 1450 1451 1464 1465 1466 1389 1390 1391 
1446 1447 1448 1521 1522 1523 1536 1537 1538 1461 1462 1463 1449 1450 1451 1524 1525 1526 1539 1540 1541 1464 1465 1466 
1521 1522 1523 1596 1597 1598 1611 1612 1613 1536 1537 1538 1524 1525 1526 1599 1600 1601 1614 1615 1616 1539 1540 1541 
1386 1387 1388 1461 1462 1463 1476 1477 1478 1401 1402 1403 1389 1390 1391 1464 1465 1466 1479 1480 1481 1404 1405 1406 
1461 1462 1463 1536 1537 1538 1551 1552 1553 1476 1477 1478 1464 1465 1466 1539 1540 1541 1554 1555 1556 1479 1480 1481 
1536 1537 1538 1611 1612 1613 1626 1627 1628 1551 1552 1553 1539 1540 1541 1614 1615 1616 1629 1630 1631 1554 1555 1556 
642 643 644 750 751 752 1419 1420 1421 1344 1345 1346 645 646 647 753 754 755 1422 1423 1424 1347 1348 1349 
750 751 752 858 859 860 1494 1495 1496 1419 1420 1421 753 754 755 861 862 863 1497 1498 1499 1422 1423 1424 
858 859 860 966 967 968 1569 1570 1571 1494 1495 1496 861 862 863 969 970 971 1572 1573 1574 1497 1498 1499 
1344 1345 1346 1419 1420 1421 1434 1435 1436 1359 1360 1361 1347 1348 1349 1422 1423 1424 1437 1438 1439 1362 1363 1364 
1419 1420 1421 1494 1495 1496 1509 1510 1511 1434 1435 1436 1422 1423 1424 1497 1498 1499 1512 1513 1514 1437 1438 1439 
1494 1495 1496 1569 1570 1571 1584 1585 1586 1509 1510 1511 1497 1498 1499 1572 1573 1574 1587 1588 1589 1512 1513 1514 
1359 1360 1361 1434 1435 1436 1449 1450 1451 1374 1375 1376 1362 1363 1364 1437 1438 1439 1452 1453 1454 1377 1378 1379 
1434 1435 1436 1509 1510 1511 1524 1525 1526 1449 1450 1451 1437 1438 1439 1512 1513 1514 1527 1528 1529 1452 1453 1454 
1509 1510 1511 1584 1585 1586 1599 1600 1601 1524 1525 1526 1512 1513 1514 1587 1588 1589 1602 1603 1604 1527 1528 1529 
1374 1375 1376 1449 1450 1451 1464 1465 1466 1389 1390 1391 1377 1378 1379 1452 1453 1454 1467 1468 1469 1392 1393 1394 
1449 1450 1451 1524 1525 1526 1539 1540 1541 1464 1465 1466 1452 1453 1454 1527 1528 1529 1542 1543 1544 1467 1468 1469 
1524 1525 1526 1599 1600 1601 1614 1615 1616 1539 1540 1541 1527 1528 1529 1602 1603 1604 1617 1618 1619 1542 1543 1544 
1389 1390 1391 1464 1465 1466 1479 1480 1481 1404 1405 1406 1392 1393 1394 1467 1468 1469 1482 1483 1484 1407 1408 1409 
1464 1465 1466 1539 1540 1541 1554 1555 1556 1479 1480 1481 1467 1468 1469 1542 1543 1544 1557 1558 1559 1482 1483 1484 
1539 1540 1541 1614 1615 1616 1629 1630 1631 1554 1555 1556 1542 1543 1544 1617 1618 1619 1632 1633 1634 1557 1558 1559 
645 646 647 753 754 755 1422 1423 1424 1347 1348 1349 648 649 650 756 757 758 1425 1426 1427 1350 1351 1352 
753 754 755 861 862 863 1497 1498 1499 1422 1423 1424 756 757 758 864 865 866 1500 1501 1502 1425 1426 1427 
861 862 863 969 970 971 1572 1573 1574 1497 1498 1499 864 865 866 972 973 974 1575 1576 1577 1500 1501 1502 
1347 1348 1349 1422 1423 1424 1437 1438 1439 1362 1363 1364 1350 1351 1352 1425 1426 1427 1440 1441 1442 1365 1366 1367 
1422 1423 1424 1497 1498 1499 1512 1513 1514 1437 1438 1439 1425 1426 1427 1500 1501 1502 1515 1516 1517 1440 1441 1442 
1497 1498 1499 1572 1573 1574 1587 1588 1589 1512 1513 1514 1500 1501 1502 1575 1576 1577 1590 1591 1592 1515 1516 1517 
1362 1363 1364 1437 1438 1439 1452 1453 1454 1377 1378 1379 1365 1366 1367 1440 1441 1442 1455 1456 1457 1380 1381 1382 
1437 1438 1439 1512 1513 1514 1527 1528 1529 1452 1453 1454 1440 1441 1442 1515 1516 1517 1530 1531 1532 1455 1456 1457 
1512 1513 1514 1587 1588 1589 1602 1603 1604 1527 1528 1529 1515 1516 1517 1590 1591 1592 1605 1606 1607 1530 1531 1532 
1377 1378 1379 1452 1453 1454 1467 1468 1469 1392 1393 1394 1380 1381 1382 1455 1456 1457 1470 1471 1472 1395 1396 1397 
1452 1453 1454 1527 1528 1529 1542 1543 1544 1467 1468 1469 1455 1456 1457 1530 1531 1532 1545 1546 1547 1470 1471 1472 
1527 1528 1529 1602 1603 1604 1617 1618 1619 1542 1543 1544 1530 1531 1532 1605 1606 1607 1620 1621 1622 1545 1546 1547 
1392 1393 1394 1467 1468 1469 1482 1483 1484 1407 1408 1409 1395 1396 1397 1470 1471 1472 1485 1486 1487 1410 1411 1412 
1467 1468 1469 1542 1543 1544 1557 1558 1559 1482 1483 1484 1470 1471 1472 1545 1546 1547 1560 1561 1562 1485 1486 1487 
1542 1543 1544 1617 1618 1619 1632 1633 1634 1557 1558 1559 1545 1546 1547 1620 1621 1622 1635 1636 1637 1560 1561 1562 
648 649 650 756 757 758 1425 1426 1427 1350 1351 1352 651 652 653 759 760 761 1143 1144 1145 1053 1054 1055 
756 757 758 864 865 866 1500 1501 1502 1425 1426 1427 759 760 761 867 868 869 1233 1234 1235 1143 1144 1145 
864 865 866 972 973 974 1575 1576 1577 1500 1501 1502 867 868 869 975 976 977 1323 1324 1325 1233 1234 1235 
1350 1351 1352 1425 1426 1427 1440 1441 1442 1365 1366 1367 1053 1054 1055 1143 1144 1145 1146 1147 1148 1056 1057 1058 
1425 1426 1427 1500 1501 1502 1515 1516 1517 1440 1441 1442 1143 1144 1145 1233 1234 1235 1236 1237 1238 1146 1147 1148 
1500 1501 1502 1575 1576 1577 1590 1591 1592 1515 1516 1517 1233 1234 1235 1323 1324 1325 1326 1327 1328 1236 1237 1238 
1365 1366 1367 1440 1441 1442 1455 1456 1457 1380 1381 1382 1056 1057 1058 1146 1147 1148 1149 1150 1151 1059 1060 1061 
1440 1441 1442 1515 1516 1517 1530 1531 1532 1455 1456 1457 1146 1147 1148 1236 1237 1238 1239 1240 1241 1149 1150 1151 
1515 1516 1517 1590 1591 1592 1605 1606 1607 1530 1531 1532 1236 1237 1238 1326 1327 1328 1329 1330 1331 1239 1240 1241 
1380 1381 1382 1455 1456 1457 1470 1471 1472 1395 1396 1397 1059 1060 1061 1149 1150 1151 1152 1153 1154 1062 1063 1064 
1455 1456 1457 1530 1531 1532 1545 1546 1547 1470 1471 1472 1149 1150 1151 1239 1240 1241 1242 1243 1244 1152 1153 1154 
1530 1531 1532 1605 1606 1607 1620 1621 1622 1545 1546 1547 1239 1240 1241 1329 1330 1331 1332 1333 1334 1242 1243 1244 
1395 1396 1397 1470 1471 1472 1485 1486 1487 1410 1411 1412 1062 1063 1064 1152 1153 1154 1155 1156 1157 1065 1066 1067 
1470 1471 1472 1545 1546 1547 1560 1561 1562 1485 1486 1487 1152 1153 1154 1242 1243 1244 1245 1246 1247 1155 1156 1157 
1545 1546 1547 1620 1621 1622 1635 1636 1637 1560 1561 1562 1242 1243 1244 1332 1333 1334 1335 1336 1337 1245 1246 1247 
870 871 872 1638 1639 1640 1656 1657 1658 888 889 890 873 874 875 1641 1642 1643 1659 1660 1661 891 892 893 
888 889 890 1656 1657 1658 1674 1675 1676 906 907 908 891 892 893 1659 1660 1661 1677 1678 1679 909 910 911 
906 907 908 1674 1675 1676 1692 1693 1694 924 925 926 909 910 911 1677 1678 1679 1695 1696 1697 927 928 929 
924 925 926 1692 1693 1694 1710 1711 1712 942 943 944 927 928 929 1695 1696 1697 1713 1714 1715 945 946 947 
942 943 944 1710 1711 1712 1728 1729 1730 960 961 962 945 946 947 1713 1714 1715 1731 1732 1733 963 964 965 
873 874 875 1641 1642 1643 1659 1660 1661 891 892 893 876 877 878 1644 1645 1646 1662 1663 1664 894 895 896 
891 892 893 1659 1660 1661 1677 1678 1679 909 910 911 894 895 896 1662 1663 1664 1680 1681 1682 912 913 914 
909 910 911 1677 1678 1679 1695 1696 1697 927 928 929 912 913 914 1680 1681 1682 1698 1699 1700 930 931 932 
927 928 929 1695 1696 1697 1713 1714 1715 945 946 947 930 931 932 1698 1699 1700 1716 1717 1718 948 949 950 
945 946 947 1713 1714 1715 1731 1732 1733 963 964 965 948 949 950 1716 1717 1718 1734 1735 1736 966 967 968 
876 877 878 1644 1645 1646 1662 1663 1664 894 895 896 879 880 881 1647 1648 1649 1665 1666 1667 897 898 899 
894 895 896 1662 1663 1664 1680 1681 1682 912 913 914 897 898 899 1665 1666 1667 1683 1684 1685 915 916 917 
912 913 914 1680 1681 1682 1698 1699 1700 930 931 932 915 916 917 1683 1684 1685 1701 1702 1703 933 934 935 
930 931 932 1698 1699 1700 1716 1717 1718 948 949 950 933 934 935 1701 1702 1703 1719 1720 1721 951 952 953 
948 949 950 1716 1717 1718 1734 1735 1736 966 967 968 951 952 953 1719 1720 1721 1737 1738 1739 969 970 971 
879 880 881 1647 1648 1649 1665 1666 1667 897 898 899 882 883 884 1650 1651 1652 1668 1669 1670 900 901 902 
897 898 899 1665 1666 1667 1683 1684 1685 915 916 917 900 901 902 1668 1669 1670 1686 1687 1688 918 919 920 
915 916 917 1683 1684 1685 1701 1702 1703 933 934 935 918 919 920 1686 1687 1688 1704 1705 1706 936 937 938 
933 934 935 1701 1702 1703 1719 1720 1721 951 952 953 936 937 938 1704 1705 1706 1722 1723 1724 954 955 956 
951 952 953 1719 1720 1721 1737 1738 1739 969 970 971 954 955 956 1722 1723 1724 1740 1741 1742 972 973 974 
882 883 884 1650 1651 1652 1668 1669 1670 900 901 902 885 886 887 1653 1654 1655 1671 1672 1673 903 904 905 
900 901 902 1668 1669 1670 1686 1687 1688 918 919 920 903 904 905 1671 1672 1673 1689 1690 1691 921 922 923 
918 919 920 1686 1687 1688 1704 1705 1706 936 937 938 921 922 923 1689 1690 1691 1707 1708 1709 939 940 941 
936 937 938 1704 1705 1706 1722 1723 1724 954 955 956 939 940 941 1707 1708 1709 1725 1726 1727 957 958 959 
954 955 956 1722 1723 1724 1740 1741 1742 972 973 974 957 958 959 1725 1726 1727 1743 1744 1745 975 976 977 
885 886 887 1653 1654 1655 1671 1672 1673 903 904 905 1248 1249 1250 1746 1747 1748 1761 1762 1763 1263 1264 1265 
903 904 905 1671 1672 1673 1689 1690 1691 921 922 923 1263 1264 1265 1761 1762 1763 1776 1777 1778 1278 1279 1280 
921 922 923 1689 1690 1691 1707 1708 1709 939 940 941 1278 1279 1280 1776 1777 1778 1791 1792 1793 1293 1294 1295 
939 940 941 1707 1708 1709 1725 1726 1727 957 958 959 1293 1294 1295 1791 1792 1793 1806 1807 1808 1308 1309 1310 
957 958 959 1725 1726 1727 1743 1744 1745 975 976 977 1308 1309 1310 1806 1807 1808 1821 1822 1823 1323 1324 1325 
1248 1249 1250 1746 1747 1748 1761 1762 1763 1263 1264 1265 1251 1252 1253 1749 1750 1751 1764 1765 1766 1266 1267 1268 
1263 1264 1265 1761 1762 1763 1776 1777 1778 1278 1279 1280 1266 1267 1268 1764 1765 1766 1779 1780 1781 1281 1282 1283 
1278 1279 1280 1776 1777 1778 1791 1792 1793 1293 1294 1295 1281 1282 1283 1779 1780 1781 1794 1795 1796 1296 1297 1298 
1293 1294 1295 1791 1792 1793 1806 1807 1808 1308 1309 1310 1296 1297 1298 1794 1795 1796 1809 1810 1811 1311 1312 1313 
1308 1309 1310 1806 1807 1808 1821 1822 1823 1323 1324 1325 1311 1312 1313 1809 1810 1811 1824 1825 1826 1326 1327 1328 
1251 1252 1253 1749 1750 1751 1764 1765 1766 1266 1267 1268 1254 1255 1256 1752 1753 1754 1767 1768 1769 1269 1270 1271 
1266 1267 1268 1764 1765 1766 1779 1780 1781 1281 1282 1283 1269 1270 1271 1767 1768 1769 1782 1783 1784 1284 1285 1286 
1281 1282 1283 1779 1780 1781 1794 1795 1796 1296 1297 1298 1284 1285 1286 1782 1783 1784 1797 1798 1799 1299 1300 1301 
1296 1297 1298 1794 1795 1796 1809 1810 1811 1311 1312 1313 1299 1300 1301 1797 1798 1799 1812 1813 1814 1314 1315 1316 
1311 1312 1313 1809 1810 1811 1824 1825 1826 1326 1327 1328 1314 1315 1316 1812 1813 1814 1827 1828 1829 1329 1330 1331 
1254 1255 1256 1752 1753 1754 1767 1768 1769 1269 1270 1271 1257 1258 1259 1755 1756 1757 1770 1771 1772 1272 1273 1274 
1269 1270 1271 1767 1768 1769 1782 1783 1784 1284 1285 1286 1272 1273 1274 1770 1771 1772 1785 1786 1787 1287 1288 1289 
1284 1285 1286 1782 1783 1784 1797 1798 1799 1299 1300 1301 1287 1288 1289 1785 1786 1787 1800 1801 1802 1302 1303 1304 
1299 1300 1301 1797 1798 1799 1812 1813 1814 1314 1315 1316 1302 1303 1304 1800 1801 1802 1815 1816 1817 1317 1318 1319 
1314 1315 1316 1812 1813 1814 1827 1828 1829 1329 1330 1331 1317 1318 1319 1815 1816 1817 1830 1831 1832 1332 1333 1334 
1257 1258 1259 1755 1756 1757 1770 1771 1772 1272 1273 1274 1260 1261 1262 1758 1759 1760 1773 1774 1775 1275 1276 1277 
1272 1273 1274 1770 1771 1772 1785 1786 1787 1287 1288 1289 1275 1276 1277 1773 1774 1775 1788 1789 1790 1290 1291 1292 
1287 1288 1289 1785 1786 1787 1800 1801 1802 1302 1303 1304 1290 1291 1292 1788 1789 1790 1803 1804 1805 1305 1306 1307 
1302 1303 1304 1800 1801 1802 1815 1816 1817 1317 1318 1319 1305 1306 1307 1803 1804 1805 1818 1819 1820 1320 1321 1322 
1317 1318 1319 1815 1816 1817 1830 1831 1832 1332 1333 1334 1320 1321 1322 1818 1819 1820 1833 1834 1835 1335 1336 1337 
960 961 962 1728 1729 1730 1836 1837 1838 1563 1564 1565 963 964 965 1731 1732 1733 1839 1840 1841 1566 1567 1568 
1563 1564 1565 1836 1837 1838 1851 1852 1853 1578 1579 1580 1566 1567 1568 1839 1840 1841 1854 1855 1856 1581 1582 1583 
1578 1579 1580 1851 1852 1853 1866 1867 1868 1593 1594 1595 1581 1582 1583 1854 1855 1856 1869 1870 1871 1596 1597 1598 
1593 1594 1595 1866 1867 1868 1881 1882 1883 1608 1609 1610 1596 1597 1598 1869 1870 1871 1884 1885 1886 1611 1612 1613 
1608 1609 1610 1881 1882 1883 1896 1897 1898 1623 1624 1625 1611 1612 1613 1884 1885 1886 1899 1900 1901 1626 1627 1628 
963 964 965 1731 1732 1733 1839 1840 1841 1566 1567 1568 966 967 968 1734 1735 1736 1842 1843 1844 1569 1570 1571 
1566 1567 1568 1839 1840 1841 1854 1855 1856 1581 1582 1583 1569 1570 1571 1842 1843 1844 1857 1858 1859 1584 1585 1586 
1581 1582 1583 1854 1855 1856 1869 1870 1871 1596 1597 1598 1584 1585 1586 1857 1858 1859 1872 1873 1874 1599 1600 1601 
1596 1597 1598 1869 1870 1871 1884 1885 1886 1611 1612 1613 1599 1600 1601 1872 1873 1874 1887 1888 1889 1614 1615 1616 
1611 1612 1613 1884 1885 1886 1899 1900 1901 1626 1627 1628 1614 1615 1616 1887 1888 1889 1902 1903 1904 1629 1630 1631 
966 967 968 1734 1735 1736 1842 1843 1844 1569 1570 1571 969 970 971 1737 1738 1739 1845 1846 1847 1572 1573 1574 
1569 1570 1571 1842 1843 1844 1857 1858 1859 1584 1585 1586 1572 1573 1574 1845 1846 1847 1860 1861 1862 1587 1588 1589 
1584 1585 1586 1857 1858 1859 1872 1873 1874 1599 1600 1601 1587 1588 1589 1860 1861 1862 1875 1876 1877 1602 1603 1604 
1599 1600 1601 1872 1873 1874 1887 1888 1889 1614 1615 1616 1602 1603 1604 1875 1876 1877 1890 1891 1892 1617 1618 1619 
1614 1615 1616 1887 1888 1889 1902 1903 1904 1629 1630 1631 1617 1618 1619 1890 1891 1892 1905 1906 1907 1632 1633 1634 
969 970 971 1737 1738 1739 1845 1846 1847 1572 1573 1574 972 973 974 1740 1741 1742 1848 1849 1850 1575 1576 1577 
1572 1573 1574 1845 1846 1847 1860 1861 1862 1587 1588 1589 1575 1576 1577 1848 1849 1850 1863 1864 1865 1590 1591 1592 
1587 1588 1589 1860 1861 1862 1875 1876 1877 1602 1603 1604 1590 1591 1592 1863 1864 1865 1878 1879 1880 1605 1606 1607 
1602 1603 1604 1875 1876 1877 1890 1891 1892 1617 1618 1619 1605 1606 1607 1878 1879 1880 1893 1894 1895 1620 1621 1622 
1617 1618 1619 1890 1891 1892 1905 1906 1907 1632 1633 1634 1620 1621 1622 1893 1894 1895 1908 1909 1910 1635 1636 1637 
972 973 974 1740 1741 1742 1848 1849 1850 1575 1576 1577 975 976 977 1743 1744 1745 1821 1822 1823 1323 1324 1325 
1575 1576 1577 1848 1849 1850 1863 1864 1865 1590 1591 1592 1323 1324 1325 1821 1822 1823 1824 1825 1826 1326 1327 1328 
1590 1591 1592 1863 1864 1865 1878 1879 1880 1605 1606 1607 1326 1327 1328 1824 1825 1826 1827 1828 1829 1329 1330 1331 
1605 1606 1607 1878 1879 1880 1893 1894 1895 1620 1621 1622 1329 1330 1331 1827 1828 1829 1830 1831 1832 1332 1333 1334 
1620 1621 1622 1893 1894 1895 1908 1909 1910 1635 1636 1637 1332 1333 1334 1830 1831 1832 1833 1834 1835 1335 1336 1337 
546 547 548 
1911 
1911 
1911 
567 568 569 
1911 
1911 
1911 
108 109 110 
1912 
1912 
1912 
567 568 569 
1912 
1912 
1912 
552 553 554 
1912 
1912 
1912 
552 553 554 
1913 
1913 
1913 
573 574 575 
1913 
1913 
1913 
114 115 116 
1914 
1914 
1914 
573 574 575 
1914 
1914 
1914 
558 559 560 
1914 
1914 
1914 
558 559 560 
1915 
1915 
1915 
579 580 581 
1915 
1915 
1915 
120 121 122 
1916 
1916 
1916 
579 580 581 
1916 
1916 
1916 
978 979 980 
1916 
1916 
1916 
564 565 566 
1917 
1917 
1917 
585 586 587 
1917 
1917 
1917 
126 127 128 
1918 
1918 
1918 
585 586 587 
1918 
1918 
1918 
570 571 572 
1918 
1918 
1918 
570 571 572 
1919 
1919 
1919 
591 592 593 
1919 
1919 
1919 
132 133 134 
1920 
1920 
1920 
591 592 593 
1920 
1920 
1920 
576 577 578 
1920 
1920 
1920 
576 577 578 
1921 
1921 
1921 
597 598 599 
1921 
1921 
1921 
138 139 140 
1922 
1922 
1922 
597 598 599 
1922 
1922 
1922 
993 994 995 
1922 
1922 
1922 
582 583 584 
1923 
1923 
1923 
603 604 605 
1923 
1923 
1923 
144 145 146 
1924 
1924 
1924 
603 604 605 
1924 
1924 
1924 
588 589 590 
1924 
1924 
1924 
588 589 590 
1925 
1925 
1925 
609 610 611 
1925 
1925 
1925 
150 151 152 
1926 
1926 
1926 
609 610 611 
1926 
1926 
1926 
594 595 596 
1926 
1926 
1926 
594 595 596 
1927 
1927 
1927 
615 616 617 
1927 
1927 
1927 
156 157 158 
1928 
1928 
1928 
615 616 617 
1928 
1928 
1928 
1008 1009 1010 
1928 
1928 
1928 
600 601 602 
1929 
1929 
1929 
621 622 623 
1929 
1929 
1929 
162 163 164 
1930 
1930 
1930 
621 622 623 
1930 
1930 
1930 
606 607 608 
1930 
1930 
1930 
606 607 608 
1931 
1931 
1931 
627 628 629 
1931 
1931 
1931 
168 169 170 
1932 
1932 
1932 
627 628 629 
1932 
1932 
1932 
612 613 614 
1932 
1932 
1932 
612 613 614 
1933 
1933 
1933 
633 634 635 
1933 
1933 
1933 
174 175 176 
1934 
1934 
1934 
633 634 635 
1934 
1934 
1934 
1023 1024 1025 
1934 
1934 
1934 
618 619 620 
1935 
1935 
1935 
639 640 641 
1935 
1935 
1935 
180 181 182 
1936 
1936 
1936 
639 640 641 
1936 
1936 
1936 
624 625 626 
1936 
1936 
1936 
624 625 626 
1937 
1937 
1937 
645 646 647 
1937 
1937 
1937 
186 187 188 
1938 
1938 
1938 
645 646 647 
1938 
1938 
1938 
630 631 632 
1938 
1938 
1938 
630 631 632 
1939 
1939 
1939 
651 652 653 
1939 
1939 
1939 
192 193 194 
1940 
1940 
1940 
651 652 653 
1940 
1940 
1940 
1038 1039 1040 
1940 
1940 
1940 
636 637 638 
1941 
1941 
1941 
1341 1342 1343 
1941 
1941 
1941 
198 199 200 
1942 
1942 
1942 
1341 1342 1343 
1942 
1942 
1942 
642 643 644 
1942 
1942 
1942 
642 643 644 
1943 
1943 
1943 
1347 1348 1349 
1943 
1943 
1943 
204 205 206 
1944 
1944 
1944 
1347 1348 1349 
1944 
1944 
1944 
648 649 650 
1944 
1944 
1944 
648 649 650 
1945 
1945 
1945 
1053 1054 1055 
1945 
1945 
1945 
210 211 212 
1946 
1946 
1946 
1350 1351 1352 
1946 
1946 
1946 
651 652 653 
1946 
1946 
1946 
978 979 980 
1947 
1947 
1947 
996 997 998 
1947 
1947 
1947 
306 307 308 
1948 
1948 
1948 
996 997 998 
1948 
1948 
1948 
984 985 986 
1948 
1948 
1948 
984 985 986 
1949 
1949 
1949 
1002 1003 1004 
1949 
1949 
1949 
312 313 314 
1950 
1950 
1950 
1002 1003 1004 
1950 
1950 
1950 
990 991 992 
1950 
1950 
1950 
987 988 989 
1951 
1951 
1951 
1005 1006 1007 
1951 
1951 
1951 
318 319 320 
1952 
1952 
1952 
1008 1009 1010 
1952 
1952 
1952 
996 997 998 
1952 
1952 
1952 
996 997 998 
1953 
1953 
1953 
1014 1015 1016 
1953 
1953 
1953 
324 325 326 
1954 
1954 
1954 
1014 1015 1016 
1954 
1954 
1954 
1002 1003 1004 
1954 
1954 
1954 
1002 1003 1004 
1955 
1955 
1955 
1020 1021 1022 
1955 
1955 
1955 
330 331 332 
1956 
1956 
1956 
1017 1018 1019 
1956 
1956 
1956 
1005 1006 1007 
1956 
1956 
1956 
1008 1009 1010 
1957 
1957 
1957 
1026 1027 1028 
1957 
1957 
1957 
336 337 338 
1958 
1958 
1958 
1011 1012 1013 
1958 
1958 
1958 
999 1000 1001 
1958 
1958 
1958 
1014 1015 1016 
1959 
1959 
1959 
1032 1033 1034 
1959 
1959 
1959 
342 343 344 
1960 
1960 
1960 
1032 1033 1034 
1960 
1960 
1960 
1020 1021 1022 
1960 
1960 
1960 
1002 1003 1004 
1961 
1961 
1961 
1020 1021 1022 
1961 
1961 
1961 
348 349 350 
1962 
1962 
1962 
1038 1039 1040 
1962 
1962 
1962 
1026 1027 1028 
1962 
1962 
1962 
1026 1027 1028 
1963 
1963 
1963 
1044 1045 1046 
1963 
1963 
1963 
354 355 356 
1964 
1964 
1964 
1044 1045 1046 
1964 
1964 
1964 
1032 1033 1034 
1964 
1964 
1964 
1032 1033 1034 
1965 
1965 
1965 
1050 1051 1052 
1965 
1965 
1965 
360 361 362 
1966 
1966 
1966 
1047 1048 1049 
1966 
1966 
1966 
1035 1036 1037 
1966 
1966 
1966 
1038 1039 1040 
1967 
1967 
1967 
1056 1057 1058 
1967 
1967 
1967 
366 367 368 
1968 
1968 
1968 
1056 1057 1058 
1968 
1968 
1968 
1044 1045 1046 
1968 
1968 
1968 
1044 1045 1046 
1969 
1969 
1969 
1062 1063 1064 
1969 
1969 
1969 
372 373 374 
1970 
1970 
1970 
1062 1063 1064 
1970 
1970 
1970 
1050 1051 1052 
1970 
1970 
1970 
1032 1033 1034 
1971 
1971 
1971 
1050 1051 1052 
1971 
1971 
1971 
378 379 380 
1972 
1972 
1972 
1365 1366 1367 
1972 
1972 
1972 
1053 1054 1055 
1972 
1972 
1972 
1365 1366 1367 
1973 
1973 
1973 
1059 1060 1061 
1973 
1973 
1973 
384 385 386 
1974 
1974 
1974 
1395 1396 1397 
1974 
1974 
1974 
1059 1060 1061 
1974 
1974 
1974 
1395 1396 1397 
1975 
1975 
1975 
1065 1066 1067 
1975 
1975 
1975 
390 391 392 
1976 
1976 
1976 
1062 1063 1064 
1976 
1976 
1976 
1050 1051 1052 
1976 
1976 
1976 
1338 1339 1340 
1977 
1977 
1977 
1356 1357 1358 
1977 
1977 
1977 
471 472 473 
1978 
1978 
1978 
1356 1357 1358 
1978 
1978 
1978 
1344 1345 1346 
1978 
1978 
1978 
1344 1345 1346 
1979 
1979 
1979 
1362 1363 1364 
1979 
1979 
1979 
477 478 479 
1980 
1980 
1980 
1362 1363 1364 
1980 
1980 
1980 
1350 1351 1352 
1980 
1980 
1980 
1350 1351 1352 
1981 
1981 
1981 
1056 1057 1058 
1981 
1981 
1981 
483 484 485 
1982 
1982 
1982 
1368 1369 1370 
1982 
1982 
1982 
1356 1357 1358 
1982 
1982 
1982 
1356 1357 1358 
1983 
1983 
1983 
1374 1375 1376 
1983 
1983 
1983 
489 490 491 
1984 
1984 
1984 
1371 1372 1373 
1984 
1984 
1984 
1359 1360 1361 
1984 
1984 
1984 
1362 1363 1364 
1985 
1985 
1985 
1380 1381 1382 
1985 
1985 
1985 
495 496 497 
1986 
1986 
1986 
1380 1381 1382 
1986 
1986 
1986 
1056 1057 1058 
1986 
1986 
1986 
1368 1369 1370 
1987 
1987 
1987 
1386 1387 1388 
1987 
1987 
1987 
501 502 503 
1988 
1988 
1988 
1386 1387 1388 
1988 
1988 
1988 
1374 1375 1376 
1988 
1988 
1988 
1374 1375 1376 
1989 
1989 
1989 
1392 1393 1394 
1989 
1989 
1989 
507 508 509 
1990 
1990 
1990 
1392 1393 1394 
1990 
1990 
1990 
1380 1381 1382 
1990 
1990 
1990 
1380 1381 1382 
1991 
1991 
1991 
1062 1063 1064 
1991 
1991 
1991 
513 514 515 
1992 
1992 
1992 
1398 1399 1400 
1992 
1992 
1992 
1386 1387 1388 
1992 
1992 
1992 
1386 1387 1388 
1993 
1993 
1993 
1404 1405 1406 
1993 
1993 
1993 
519 520 521 
1994 
1994 
1994 
1404 1405 1406 
1994 
1994 
1994 
1392 1393 1394 
1994 
1994 
1994 
1392 1393 1394 
1995 
1995 
1995 
1410 1411 1412 
1995 
1995 
1995 
525 526 527 
1996 
1996 
1996 
1410 1411 1412 
1996 
1996 
1996 
1062 1063 1064 
1996 
1996 
1996 
1383 1384 1385 
1997 
1997 
1997 
1401 1402 1403 
1997 
1997 
1997 
531 532 533 
1998 
1998 
1998 
1401 1402 1403 
1998 
1998 
1998 
1389 1390 1391 
1998 
1998 
1998 
1386 1387 1388 
1999 
1999 
1999 
1404 1405 1406 
1999 
1999 
1999 
537 538 539 
2000 
2000 
2000 
1407 1408 1409 
2000 
2000 
2000 
1395 1396 1397 
2000 
2000 
2000 
1392 1393 1394 
2001 
2001 
2001 
1410 1411 1412 
2001 
2001 
2001 
