375 1638
1 2 3 109 110 111 127 128 129 19 20 21 4 5 6 112 113 114 130 131 132 22 23 24 
19 20 21 127 128 129 145 146 147 37 38 39 22 23 24 130 131 132 148 149 150 40 41 42 
37 38 39 145 146 147 163 164 165 55 56 57 40 41 42 148 149 150 166 167 168 58 59 60 
55 56 57 163 164 165 181 182 183 73 74 75 58 59 60 166 167 168 184 185 186 76 77 78 
73 74 75 181 182 183 199 200 201 91 92 93 76 77 78 184 185 186 202 203 204 94 95 96 
4 5 6 112 113 114 130 131 132 22 23 24 7 8 9 115 116 117 133 134 135 25 26 27 
22 23 24 130 131 132 148 149 150 40 41 42 25 26 27 133 134 135 151 152 153 43 44 45 
40 41 42 148 149 150 166 167 168 58 59 60 43 44 45 151 152 153 169 170 171 61 62 63 
58 59 60 166 167 168 184 185 186 76 77 78 61 62 63 169 170 171 187 188 189 79 80 81 
76 77 78 184 185 186 202 203 204 94 95 96 79 80 81 187 188 189 205 206 207 97 98 99 
7 8 9 115 116 117 133 134 135 25 26 27 10 11 12 118 119 120 136 137 138 28 29 30 
25 26 27 133 134 135 151 152 153 43 44 45 28 29 30 136 137 138 154 155 156 46 47 48 
43 44 45 151 152 153 169 170 171 61 62 63 46 47 48 154 155 156 172 173 174 64 65 66 
61 62 63 169 170 171 187 188 189 79 80 81 64 65 66 172 173 174 190 191 192 82 83 84 
79 80 81 187 188 189 205 206 207 97 98 99 82 83 84 190 191 192 208 209 210 100 101 102 
10 11 12 118 119 120 136 137 138 28 29 30 13 14 15 121 122 123 139 140 141 31 32 33 
28 29 30 136 137 138 154 155 156 46 47 48 31 32 33 139 140 141 157 158 159 49 50 51 
46 47 48 154 155 156 172 173 174 64 65 66 49 50 51 157 158 159 175 176 177 67 68 69 
64 65 66 172 173 174 190 191 192 82 83 84 67 68 69 175 176 177 193 194 195 85 86 87 
82 83 84 190 191 192 208 209 210 100 101 102 85 86 87 193 194 195 211 212 213 103 104 105 
13 14 15 121 122 123 139 140 141 31 32 33 16 17 18 124 125 126 142 143 144 34 35 36 
31 32 33 139 140 141 157 158 159 49 50 51 34 35 36 142 143 144 160 161 162 52 53 54 
49 50 51 157 158 159 175 176 177 67 68 69 52 53 54 160 161 162 178 179 180 70 71 72 
67 68 69 175 176 177 193 194 195 85 86 87 70 71 72 178 179 180 196 197 198 88 89 90 
85 86 87 193 194 195 211 212 213 103 104 105 88 89 90 196 197 198 214 215 216 106 107 108 
16 17 18 124 125 126 142 143 144 34 35 36 217 218 219 307 308 309 322 323 324 232 233 234 
34 35 36 142 143 144 160 161 162 52 53 54 232 233 234 322 323 324 337 338 339 247 248 249 
52 53 54 160 161 162 178 179 180 70 71 72 247 248 249 337 338 339 352 353 354 262 263 264 
70 71 72 178 179 180 196 197 198 88 89 90 262 263 264 352 353 354 367 368 369 277 278 279 
88 89 90 196 197 198 214 215 216 106 107 108 277 278 279 367 368 369 382 383 384 292 293 294 
217 218 219 307 308 309 322 323 324 232 233 234 220 221 222 310 311 312 325 326 327 235 236 237 
232 233 234 322 323 324 337 338 339 247 248 249 235 236 237 325 326 327 340 341 342 250 251 252 
247 248 249 337 338 339 352 353 354 262 263 264 250 251 252 340 341 342 355 356 357 265 266 267 
262 263 264 352 353 354 367 368 369 277 278 279 265 266 267 355 356 357 370 371 372 280 281 282 
277 278 279 367 368 369 382 383 384 292 293 294 280 281 282 370 371 372 385 386 387 295 296 297 
220 221 222 310 311 312 325 326 327 235 236 237 223 224 225 313 314 315 328 329 330 238 239 240 
235 236 237 325 326 327 340 341 342 250 251 252 238 239 240 328 329 330 343 344 345 253 254 255 
250 251 252 340 341 342 355 356 357 265 266 267 253 254 255 343 344 345 358 359 360 268 269 270 
265 266 267 355 356 357 370 371 372 280 281 282 268 269 270 358 359 360 373 374 375 283 284 285 
280 281 282 370 371 372 385 386 387 295 296 297 283 284 285 373 374 375 388 389 390 298 299 300 
223 224 225 313 314 315 328 329 330 238 239 240 226 227 228 316 317 318 331 332 333 241 242 243 
238 239 240 328 329 330 343 344 345 253 254 255 241 242 243 331 332 333 346 347 348 256 257 258 
253 254 255 343 344 345 358 359 360 268 269 270 256 257 258 346 347 348 361 362 363 271 272 273 
268 269 270 358 359 360 373 374 375 283 284 285 271 272 273 361 362 363 376 377 378 286 287 288 
283 284 285 373 374 375 388 389 390 298 299 300 286 287 288 376 377 378 391 392 393 301 302 303 
226 227 228 316 317 318 331 332 333 241 242 243 229 230 231 319 320 321 334 335 336 244 245 246 
241 242 243 331 332 333 346 347 348 256 257 258 244 245 246 334 335 336 349 350 351 259 260 261 
256 257 258 346 347 348 361 362 363 271 272 273 259 260 261 349 350 351 364 365 366 274 275 276 
271 272 273 361 362 363 376 377 378 286 287 288 274 275 276 364 365 366 379 380 381 289 290 291 
286 287 288 376 377 378 391 392 393 301 302 303 289 290 291 379 380 381 394 395 396 304 305 306 
91 92 93 199 200 201 472 473 474 397 398 399 94 95 96 202 203 204 475 476 477 400 401 402 
397 398 399 472 473 474 487 488 489 412 413 414 400 401 402 475 476 477 490 491 492 415 416 417 
412 413 414 487 488 489 502 503 504 427 428 429 415 416 417 490 491 492 505 506 507 430 431 432 
427 428 429 502 503 504 517 518 519 442 443 444 430 431 432 505 506 507 520 521 522 445 446 447 
442 443 444 517 518 519 532 533 534 457 458 459 445 446 447 520 521 522 535 536 537 460 461 462 
94 95 96 202 203 204 475 476 477 400 401 402 97 98 99 205 206 207 478 479 480 403 404 405 
400 401 402 475 476 477 490 491 492 415 416 417 403 404 405 478 479 480 493 494 495 418 419 420 
415 416 417 490 491 492 505 506 507 430 431 432 418 419 420 493 494 495 508 509 510 433 434 435 
430 431 432 505 506 507 520 521 522 445 446 447 433 434 435 508 509 510 523 524 525 448 449 450 
445 446 447 520 521 522 535 536 537 460 461 462 448 449 450 523 524 525 538 539 540 463 464 465 
97 98 99 205 206 207 478 479 480 403 404 405 100 101 102 208 209 210 481 482 483 406 407 408 
403 404 405 478 479 480 493 494 495 418 419 420 406 407 408 481 482 483 496 497 498 421 422 423 
418 419 420 493 494 495 508 509 510 433 434 435 421 422 423 496 497 498 511 512 513 436 437 438 
433 434 435 508 509 510 523 524 525 448 449 450 436 437 438 511 512 513 526 527 528 451 452 453 
448 449 450 523 524 525 538 539 540 463 464 465 451 452 453 526 527 528 541 542 543 466 467 468 
100 101 102 208 209 210 481 482 483 406 407 408 103 104 105 211 212 213 484 485 486 409 410 411 
406 407 408 481 482 483 496 497 498 421 422 423 409 410 411 484 485 486 499 500 501 424 425 426 
421 422 423 496 497 498 511 512 513 436 437 438 424 425 426 499 500 501 514 515 516 439 440 441 
436 437 438 511 512 513 526 527 528 451 452 453 439 440 441 514 515 516 529 530 531 454 455 456 
451 452 453 526 527 528 541 542 543 466 467 468 454 455 456 529 530 531 544 545 546 469 470 471 
103 104 105 211 212 213 484 485 486 409 410 411 106 107 108 214 215 216 382 383 384 292 293 294 
409 410 411 484 485 486 499 500 501 424 425 426 292 293 294 382 383 384 385 386 387 295 296 297 
424 425 426 499 500 501 514 515 516 439 440 441 295 296 297 385 386 387 388 389 390 298 299 300 
439 440 441 514 515 516 529 530 531 454 455 456 298 299 300 388 389 390 391 392 393 301 302 303 
454 455 456 529 530 531 544 545 546 469 470 471 301 302 303 391 392 393 394 395 396 304 305 306 
109 110 111 547 548 549 565 566 567 127 128 129 112 113 114 550 551 552 568 569 570 130 131 132 
547 548 549 655 656 657 673 674 675 565 566 567 550 551 552 658 659 660 676 677 678 568 569 570 
655 656 657 763 764 765 781 782 783 673 674 675 658 659 660 766 767 768 784 785 786 676 677 678 
127 128 129 565 566 567 583 584 585 145 146 147 130 131 132 568 569 570 586 587 588 148 149 150 
565 566 567 673 674 675 691 692 693 583 584 585 568 569 570 676 677 678 694 695 696 586 587 588 
673 674 675 781 782 783 799 800 801 691 692 693 676 677 678 784 785 786 802 803 804 694 695 696 
145 146 147 583 584 585 601 602 603 163 164 165 148 149 150 586 587 588 604 605 606 166 167 168 
583 584 585 691 692 693 709 710 711 601 602 603 586 587 588 694 695 696 712 713 714 604 605 606 
691 692 693 799 800 801 817 818 819 709 710 711 694 695 696 802 803 804 820 821 822 712 713 714 
163 164 165 601 602 603 619 620 621 181 182 183 166 167 168 604 605 606 622 623 624 184 185 186 
601 602 603 709 710 711 727 728 729 619 620 621 604 605 606 712 713 714 730 731 732 622 623 624 
709 710 711 817 818 819 835 836 837 727 728 729 712 713 714 820 821 822 838 839 840 730 731 732 
181 182 183 619 620 621 637 638 639 199 200 201 184 185 186 622 623 624 640 641 642 202 203 204 
619 620 621 727 728 729 745 746 747 637 638 639 622 623 624 730 731 732 748 749 750 640 641 642 
727 728 729 835 836 837 853 854 855 745 746 747 730 731 732 838 839 840 856 857 858 748 749 750 
112 113 114 550 551 552 568 569 570 130 131 132 115 116 117 553 554 555 571 572 573 133 134 135 
550 551 552 658 659 660 676 677 678 568 569 570 553 554 555 661 662 663 679 680 681 571 572 573 
658 659 660 766 767 768 784 785 786 676 677 678 661 662 663 769 770 771 787 788 789 679 680 681 
130 131 132 568 569 570 586 587 588 148 149 150 133 134 135 571 572 573 589 590 591 151 152 153 
568 569 570 676 677 678 694 695 696 586 587 588 571 572 573 679 680 681 697 698 699 589 590 591 
676 677 678 784 785 786 802 803 804 694 695 696 679 680 681 787 788 789 805 806 807 697 698 699 
148 149 150 586 587 588 604 605 606 166 167 168 151 152 153 589 590 591 607 608 609 169 170 171 
586 587 588 694 695 696 712 713 714 604 605 606 589 590 591 697 698 699 715 716 717 607 608 609 
694 695 696 802 803 804 820 821 822 712 713 714 697 698 699 805 806 807 823 824 825 715 716 717 
166 167 168 604 605 606 622 623 624 184 185 186 169 170 171 607 608 609 625 626 627 187 188 189 
604 605 606 712 713 714 730 731 732 622 623 624 607 608 609 715 716 717 733 734 735 625 626 627 
712 713 714 820 821 822 838 839 840 730 731 732 715 716 717 823 824 825 841 842 843 733 734 735 
184 185 186 622 623 624 640 641 642 202 203 204 187 188 189 625 626 627 643 644 645 205 206 207 
622 623 624 730 731 732 748 749 750 640 641 642 625 626 627 733 734 735 751 752 753 643 644 645 
730 731 732 838 839 840 856 857 858 748 749 750 733 734 735 841 842 843 859 860 861 751 752 753 
115 116 117 553 554 555 571 572 573 133 134 135 118 119 120 556 557 558 574 575 576 136 137 138 
553 554 555 661 662 663 679 680 681 571 572 573 556 557 558 664 665 666 682 683 684 574 575 576 
661 662 663 769 770 771 787 788 789 679 680 681 664 665 666 772 773 774 790 791 792 682 683 684 
133 134 135 571 572 573 589 590 591 151 152 153 136 137 138 574 575 576 592 593 594 154 155 156 
571 572 573 679 680 681 697 698 699 589 590 591 574 575 576 682 683 684 700 701 702 592 593 594 
679 680 681 787 788 789 805 806 807 697 698 699 682 683 684 790 791 792 808 809 810 700 701 702 
151 152 153 589 590 591 607 608 609 169 170 171 154 155 156 592 593 594 610 611 612 172 173 174 
589 590 591 697 698 699 715 716 717 607 608 609 592 593 594 700 701 702 718 719 720 610 611 612 
697 698 699 805 806 807 823 824 825 715 716 717 700 701 702 808 809 810 826 827 828 718 719 720 
169 170 171 607 608 609 625 626 627 187 188 189 172 173 174 610 611 612 628 629 630 190 191 192 
607 608 609 715 716 717 733 734 735 625 626 627 610 611 612 718 719 720 736 737 738 628 629 630 
715 716 717 823 824 825 841 842 843 733 734 735 718 719 720 826 827 828 844 845 846 736 737 738 
187 188 189 625 626 627 643 644 645 205 206 207 190 191 192 628 629 630 646 647 648 208 209 210 
625 626 627 733 734 735 751 752 753 643 644 645 628 629 630 736 737 738 754 755 756 646 647 648 
733 734 735 841 842 843 859 860 861 751 752 753 736 737 738 844 845 846 862 863 864 754 755 756 
118 119 120 556 557 558 574 575 576 136 137 138 121 122 123 559 560 561 577 578 579 139 140 141 
556 557 558 664 665 666 682 683 684 574 575 576 559 560 561 667 668 669 685 686 687 577 578 579 
664 665 666 772 773 774 790 791 792 682 683 684 667 668 669 775 776 777 793 794 795 685 686 687 
136 137 138 574 575 576 592 593 594 154 155 156 139 140 141 577 578 579 595 596 597 157 158 159 
574 575 576 682 683 684 700 701 702 592 593 594 577 578 579 685 686 687 703 704 705 595 596 597 
682 683 684 790 791 792 808 809 810 700 701 702 685 686 687 793 794 795 811 812 813 703 704 705 
154 155 156 592 593 594 610 611 612 172 173 174 157 158 159 595 596 597 613 614 615 175 176 177 
592 593 594 700 701 702 718 719 720 610 611 612 595 596 597 703 704 705 721 722 723 613 614 615 
700 701 702 808 809 810 826 827 828 718 719 720 703 704 705 811 812 813 829 830 831 721 722 723 
172 173 174 610 611 612 628 629 630 190 191 192 175 176 177 613 614 615 631 632 633 193 194 195 
610 611 612 718 719 720 736 737 738 628 629 630 613 614 615 721 722 723 739 740 741 631 632 633 
718 719 720 826 827 828 844 845 846 736 737 738 721 722 723 829 830 831 847 848 849 739 740 741 
190 191 192 628 629 630 646 647 648 208 209 210 193 194 195 631 632 633 649 650 651 211 212 213 
628 629 630 736 737 738 754 755 756 646 647 648 631 632 633 739 740 741 757 758 759 649 650 651 
736 737 738 844 845 846 862 863 864 754 755 756 739 740 741 847 848 849 865 866 867 757 758 759 
121 122 123 559 560 561 577 578 579 139 140 141 124 125 126 562 563 564 580 581 582 142 143 144 
559 560 561 667 668 669 685 686 687 577 578 579 562 563 564 670 671 672 688 689 690 580 581 582 
667 668 669 775 776 777 793 794 795 685 686 687 670 671 672 778 779 780 796 797 798 688 689 690 
139 140 141 577 578 579 595 596 597 157 158 159 142 143 144 580 581 582 598 599 600 160 161 162 
577 578 579 685 686 687 703 704 705 595 596 597 580 581 582 688 689 690 706 707 708 598 599 600 
685 686 687 793 794 795 811 812 813 703 704 705 688 689 690 796 797 798 814 815 816 706 707 708 
157 158 159 595 596 597 613 614 615 175 176 177 160 161 162 598 599 600 616 617 618 178 179 180 
595 596 597 703 704 705 721 722 723 613 614 615 598 599 600 706 707 708 724 725 726 616 617 618 
703 704 705 811 812 813 829 830 831 721 722 723 706 707 708 814 815 816 832 833 834 724 725 726 
175 176 177 613 614 615 631 632 633 193 194 195 178 179 180 616 617 618 634 635 636 196 197 198 
613 614 615 721 722 723 739 740 741 631 632 633 616 617 618 724 725 726 742 743 744 634 635 636 
721 722 723 829 830 831 847 848 849 739 740 741 724 725 726 832 833 834 850 851 852 742 743 744 
193 194 195 631 632 633 649 650 651 211 212 213 196 197 198 634 635 636 652 653 654 214 215 216 
631 632 633 739 740 741 757 758 759 649 650 651 634 635 636 742 743 744 760 761 762 652 653 654 
739 740 741 847 848 849 865 866 867 757 758 759 742 743 744 850 851 852 868 869 870 760 761 762 
124 125 126 562 563 564 580 581 582 142 143 144 307 308 309 871 872 873 886 887 888 322 323 324 
562 563 564 670 671 672 688 689 690 580 581 582 871 872 873 961 962 963 976 977 978 886 887 888 
670 671 672 778 779 780 796 797 798 688 689 690 961 962 963 1051 1052 1053 1066 1067 1068 976 977 978 
142 143 144 580 581 582 598 599 600 160 161 162 322 323 324 886 887 888 901 902 903 337 338 339 
580 581 582 688 689 690 706 707 708 598 599 600 886 887 888 976 977 978 991 992 993 901 902 903 
688 689 690 796 797 798 814 815 816 706 707 708 976 977 978 1066 1067 1068 1081 1082 1083 991 992 993 
160 161 162 598 599 600 616 617 618 178 179 180 337 338 339 901 902 903 916 917 918 352 353 354 
598 599 600 706 707 708 724 725 726 616 617 618 901 902 903 991 992 993 1006 1007 1008 916 917 918 
706 707 708 814 815 816 832 833 834 724 725 726 991 992 993 1081 1082 1083 1096 1097 1098 1006 1007 1008 
178 179 180 616 617 618 634 635 636 196 197 198 352 353 354 916 917 918 931 932 933 367 368 369 
616 617 618 724 725 726 742 743 744 634 635 636 916 917 918 1006 1007 1008 1021 1022 1023 931 932 933 
724 725 726 832 833 834 850 851 852 742 743 744 1006 1007 1008 1096 1097 1098 1111 1112 1113 1021 1022 1023 
196 197 198 634 635 636 652 653 654 214 215 216 367 368 369 931 932 933 946 947 948 382 383 384 
634 635 636 742 743 744 760 761 762 652 653 654 931 932 933 1021 1022 1023 1036 1037 1038 946 947 948 
742 743 744 850 851 852 868 869 870 760 761 762 1021 1022 1023 1111 1112 1113 1126 1127 1128 1036 1037 1038 
307 308 309 871 872 873 886 887 888 322 323 324 310 311 312 874 875 876 889 890 891 325 326 327 
871 872 873 961 962 963 976 977 978 886 887 888 874 875 876 964 965 966 979 980 981 889 890 891 
961 962 963 1051 1052 1053 1066 1067 1068 976 977 978 964 965 966 1054 1055 1056 1069 1070 1071 979 980 981 
322 323 324 886 887 888 901 902 903 337 338 339 325 326 327 889 890 891 904 905 906 340 341 342 
886 887 888 976 977 978 991 992 993 901 902 903 889 890 891 979 980 981 994 995 996 904 905 906 
976 977 978 1066 1067 1068 1081 1082 1083 991 992 993 979 980 981 1069 1070 1071 1084 1085 1086 994 995 996 
337 338 339 901 902 903 916 917 918 352 353 354 340 341 342 904 905 906 919 920 921 355 356 357 
901 902 903 991 992 993 1006 1007 1008 916 917 918 904 905 906 994 995 996 1009 1010 1011 919 920 921 
991 992 993 1081 1082 1083 1096 1097 1098 1006 1007 1008 994 995 996 1084 1085 1086 1099 1100 1101 1009 1010 1011 
352 353 354 916 917 918 931 932 933 367 368 369 355 356 357 919 920 921 934 935 936 370 371 372 
916 917 918 1006 1007 1008 1021 1022 1023 931 932 933 919 920 921 1009 1010 1011 1024 1025 1026 934 935 936 
1006 1007 1008 1096 1097 1098 1111 1112 1113 1021 1022 1023 1009 1010 1011 1099 1100 1101 1114 1115 1116 1024 1025 1026 
367 368 369 931 932 933 946 947 948 382 383 384 370 371 372 934 935 936 949 950 951 385 386 387 
931 932 933 1021 1022 1023 1036 1037 1038 946 947 948 934 935 936 1024 1025 1026 1039 1040 1041 949 950 951 
1021 1022 1023 1111 1112 1113 1126 1127 1128 1036 1037 1038 1024 1025 1026 1114 1115 1116 1129 1130 1131 1039 1040 1041 
310 311 312 874 875 876 889 890 891 325 326 327 313 314 315 877 878 879 892 893 894 328 329 330 
874 875 876 964 965 966 979 980 981 889 890 891 877 878 879 967 968 969 982 983 984 892 893 894 
964 965 966 1054 1055 1056 1069 1070 1071 979 980 981 967 968 969 1057 1058 1059 1072 1073 1074 982 983 984 
325 326 327 889 890 891 904 905 906 340 341 342 328 329 330 892 893 894 907 908 909 343 344 345 
889 890 891 979 980 981 994 995 996 904 905 906 892 893 894 982 983 984 997 998 999 907 908 909 
979 980 981 1069 1070 1071 1084 1085 1086 994 995 996 982 983 984 1072 1073 1074 1087 1088 1089 997 998 999 
340 341 342 904 905 906 919 920 921 355 356 357 343 344 345 907 908 909 922 923 924 358 359 360 
904 905 906 994 995 996 1009 1010 1011 919 920 921 907 908 909 997 998 999 1012 1013 1014 922 923 924 
994 995 996 1084 1085 1086 1099 1100 1101 1009 1010 1011 997 998 999 1087 1088 1089 1102 1103 1104 1012 1013 1014 
355 356 357 919 920 921 934 935 936 370 371 372 358 359 360 922 923 924 937 938 939 373 374 375 
919 920 921 1009 1010 1011 1024 1025 1026 934 935 936 922 923 924 1012 1013 1014 1027 1028 1029 937 938 939 
1009 1010 1011 1099 1100 1101 1114 1115 1116 1024 1025 1026 1012 1013 1014 1102 1103 1104 1117 1118 1119 1027 1028 1029 
370 371 372 934 935 936 949 950 951 385 386 387 373 374 375 937 938 939 952 953 954 388 389 390 
934 935 936 1024 1025 1026 1039 1040 1041 949 950 951 937 938 939 1027 1028 1029 1042 1043 1044 952 953 954 
1024 1025 1026 1114 1115 1116 1129 1130 1131 1039 1040 1041 1027 1028 1029 1117 1118 1119 1132 1133 1134 1042 1043 1044 
313 314 315 877 878 879 892 893 894 328 329 330 316 317 318 880 881 882 895 896 897 331 332 333 
877 878 879 967 968 969 982 983 984 892 893 894 880 881 882 970 971 972 985 986 987 895 896 897 
967 968 969 1057 1058 1059 1072 1073 1074 982 983 984 970 971 972 1060 1061 1062 1075 1076 1077 985 986 987 
328 329 330 892 893 894 907 908 909 343 344 345 331 332 333 895 896 897 910 911 912 346 347 348 
892 893 894 982 983 984 997 998 999 907 908 909 895 896 897 985 986 987 1000 1001 1002 910 911 912 
982 983 984 1072 1073 1074 1087 1088 1089 997 998 999 985 986 987 1075 1076 1077 1090 1091 1092 1000 1001 1002 
343 344 345 907 908 909 922 923 924 358 359 360 346 347 348 910 911 912 925 926 927 361 362 363 
907 908 909 997 998 999 1012 1013 1014 922 923 924 910 911 912 1000 1001 1002 1015 1016 1017 925 926 927 
997 998 999 1087 1088 1089 1102 1103 1104 1012 1013 1014 1000 1001 1002 1090 1091 1092 1105 1106 1107 1015 1016 1017 
358 359 360 922 923 924 937 938 939 373 374 375 361 362 363 925 926 927 940 941 942 376 377 378 
922 923 924 1012 1013 1014 1027 1028 1029 937 938 939 925 926 927 1015 1016 1017 1030 1031 1032 940 941 942 
1012 1013 1014 1102 1103 1104 1117 1118 1119 1027 1028 1029 1015 1016 1017 1105 1106 1107 1120 1121 1122 1030 1031 1032 
373 374 375 937 938 939 952 953 954 388 389 390 376 377 378 940 941 942 955 956 957 391 392 393 
937 938 939 1027 1028 1029 1042 1043 1044 952 953 954 940 941 942 1030 1031 1032 1045 1046 1047 955 956 957 
1027 1028 1029 1117 1118 1119 1132 1133 1134 1042 1043 1044 1030 1031 1032 1120 1121 1122 1135 1136 1137 1045 1046 1047 
316 317 318 880 881 882 895 896 897 331 332 333 319 320 321 883 884 885 898 899 900 334 335 336 
880 881 882 970 971 972 985 986 987 895 896 897 883 884 885 973 974 975 988 989 990 898 899 900 
970 971 972 1060 1061 1062 1075 1076 1077 985 986 987 973 974 975 1063 1064 1065 1078 1079 1080 988 989 990 
331 332 333 895 896 897 910 911 912 346 347 348 334 335 336 898 899 900 913 914 915 349 350 351 
895 896 897 985 986 987 1000 1001 1002 910 911 912 898 899 900 988 989 990 1003 1004 1005 913 914 915 
985 986 987 1075 1076 1077 1090 1091 1092 1000 1001 1002 988 989 990 1078 1079 1080 1093 1094 1095 1003 1004 1005 
346 347 348 910 911 912 925 926 927 361 362 363 349 350 351 913 914 915 928 929 930 364 365 366 
910 911 912 1000 1001 1002 1015 1016 1017 925 926 927 913 914 915 1003 1004 1005 1018 1019 1020 928 929 930 
1000 1001 1002 1090 1091 1092 1105 1106 1107 1015 1016 1017 1003 1004 1005 1093 1094 1095 1108 1109 1110 1018 1019 1020 
361 362 363 925 926 927 940 941 942 376 377 378 364 365 366 928 929 930 943 944 945 379 380 381 
925 926 927 1015 1016 1017 1030 1031 1032 940 941 942 928 929 930 1018 1019 1020 1033 1034 1035 943 944 945 
1015 1016 1017 1105 1106 1107 1120 1121 1122 1030 1031 1032 1018 1019 1020 1108 1109 1110 1123 1124 1125 1033 1034 1035 
376 377 378 940 941 942 955 956 957 391 392 393 379 380 381 943 944 945 958 959 960 394 395 396 
940 941 942 1030 1031 1032 1045 1046 1047 955 956 957 943 944 945 1033 1034 1035 1048 1049 1050 958 959 960 
1030 1031 1032 1120 1121 1122 1135 1136 1137 1045 1046 1047 1033 1034 1035 1123 1124 1125 1138 1139 1140 1048 1049 1050 
199 200 201 637 638 639 1141 1142 1143 472 473 474 202 203 204 640 641 642 1144 1145 1146 475 476 477 
637 638 639 745 746 747 1216 1217 1218 1141 1142 1143 640 641 642 748 749 750 1219 1220 1221 1144 1145 1146 
745 746 747 853 854 855 1291 1292 1293 1216 1217 1218 748 749 750 856 857 858 1294 1295 1296 1219 1220 1221 
472 473 474 1141 1142 1143 1156 1157 1158 487 488 489 475 476 477 1144 1145 1146 1159 1160 1161 490 491 492 
1141 1142 1143 1216 1217 1218 1231 1232 1233 1156 1157 1158 1144 1145 1146 1219 1220 1221 1234 1235 1236 1159 1160 1161 
1216 1217 1218 1291 1292 1293 1306 1307 1308 1231 1232 1233 1219 1220 1221 1294 1295 1296 1309 1310 1311 1234 1235 1236 
487 488 489 1156 1157 1158 1171 1172 1173 502 503 504 490 491 492 1159 1160 1161 1174 1175 1176 505 506 507 
1156 1157 1158 1231 1232 1233 1246 1247 1248 1171 1172 1173 1159 1160 1161 1234 1235 1236 1249 1250 1251 1174 1175 1176 
1231 1232 1233 1306 1307 1308 1321 1322 1323 1246 1247 1248 1234 1235 1236 1309 1310 1311 1324 1325 1326 1249 1250 1251 
502 503 504 1171 1172 1173 1186 1187 1188 517 518 519 505 506 507 1174 1175 1176 1189 1190 1191 520 521 522 
1171 1172 1173 1246 1247 1248 1261 1262 1263 1186 1187 1188 1174 1175 1176 1249 1250 1251 1264 1265 1266 1189 1190 1191 
1246 1247 1248 1321 1322 1323 1336 1337 1338 1261 1262 1263 1249 1250 1251 1324 1325 1326 1339 1340 1341 1264 1265 1266 
517 518 519 1186 1187 1188 1201 1202 1203 532 533 534 520 521 522 1189 1190 1191 1204 1205 1206 535 536 537 
1186 1187 1188 1261 1262 1263 1276 1277 1278 1201 1202 1203 1189 1190 1191 1264 1265 1266 1279 1280 1281 1204 1205 1206 
1261 1262 1263 1336 1337 1338 1351 1352 1353 1276 1277 1278 1264 1265 1266 1339 1340 1341 1354 1355 1356 1279 1280 1281 
202 203 204 640 641 642 1144 1145 1146 475 476 477 205 206 207 643 644 645 1147 1148 1149 478 479 480 
640 641 642 748 749 750 1219 1220 1221 1144 1145 1146 643 644 645 751 752 753 1222 1223 1224 1147 1148 1149 
748 749 750 856 857 858 1294 1295 1296 1219 1220 1221 751 752 753 859 860 861 1297 1298 1299 1222 1223 1224 
475 476 477 1144 1145 1146 1159 1160 1161 490 491 492 478 479 480 1147 1148 1149 1162 1163 1164 493 494 495 
1144 1145 1146 1219 1220 1221 1234 1235 1236 1159 1160 1161 1147 1148 1149 1222 1223 1224 1237 1238 1239 1162 1163 1164 
1219 1220 1221 1294 1295 1296 1309 1310 1311 1234 1235 1236 1222 1223 1224 1297 1298 1299 1312 1313 1314 1237 1238 1239 
490 491 492 1159 1160 1161 1174 1175 1176 505 506 507 493 494 495 1162 1163 1164 1177 1178 1179 508 509 510 
1159 1160 1161 1234 1235 1236 1249 1250 1251 1174 1175 1176 1162 1163 1164 1237 1238 1239 1252 1253 1254 1177 1178 1179 
1234 1235 1236 1309 1310 1311 1324 1325 1326 1249 1250 1251 1237 1238 1239 1312 1313 1314 1327 1328 1329 1252 1253 1254 
505 506 507 1174 1175 1176 1189 1190 1191 520 521 522 508 509 510 1177 1178 1179 1192 1193 1194 523 524 525 
1174 1175 1176 1249 1250 1251 1264 1265 1266 1189 1190 1191 1177 1178 1179 1252 1253 1254 1267 1268 1269 1192 1193 1194 
1249 1250 1251 1324 1325 1326 1339 1340 1341 1264 1265 1266 1252 1253 1254 1327 1328 1329 1342 1343 1344 1267 1268 1269 
520 521 522 1189 1190 1191 1204 1205 1206 535 536 537 523 524 525 1192 1193 1194 1207 1208 1209 538 539 540 
1189 1190 1191 1264 1265 1266 1279 1280 1281 1204 1205 1206 1192 1193 1194 1267 1268 1269 1282 1283 1284 1207 1208 1209 
1264 1265 1266 1339 1340 1341 1354 1355 1356 1279 1280 1281 1267 1268 1269 1342 1343 1344 1357 1358 1359 1282 1283 1284 
205 206 207 643 644 645 1147 1148 1149 478 479 480 208 209 210 646 647 648 1150 1151 1152 481 482 483 
643 644 645 751 752 753 1222 1223 1224 1147 1148 1149 646 647 648 754 755 756 1225 1226 1227 1150 1151 1152 
751 752 753 859 860 861 1297 1298 1299 1222 1223 1224 754 755 756 862 863 864 1300 1301 1302 1225 1226 1227 
478 479 480 1147 1148 1149 1162 1163 1164 493 494 495 481 482 483 1150 1151 1152 1165 1166 1167 496 497 498 
1147 1148 1149 1222 1223 1224 1237 1238 1239 1162 1163 1164 1150 1151 1152 1225 1226 1227 1240 1241 1242 1165 1166 1167 
1222 1223 1224 1297 1298 1299 1312 1313 1314 1237 1238 1239 1225 1226 1227 1300 1301 1302 1315 1316 1317 1240 1241 1242 
493 494 495 1162 1163 1164 1177 1178 1179 508 509 510 496 497 498 1165 1166 1167 1180 1181 1182 511 512 513 
1162 1163 1164 1237 1238 1239 1252 1253 1254 1177 1178 1179 1165 1166 1167 1240 1241 1242 1255 1256 1257 1180 1181 1182 
1237 1238 1239 1312 1313 1314 1327 1328 1329 1252 1253 1254 1240 1241 1242 1315 1316 1317 1330 1331 1332 1255 1256 1257 
508 509 510 1177 1178 1179 1192 1193 1194 523 524 525 511 512 513 1180 1181 1182 1195 1196 1197 526 527 528 
1177 1178 1179 1252 1253 1254 1267 1268 1269 1192 1193 1194 1180 1181 1182 1255 1256 1257 1270 1271 1272 1195 1196 1197 
1252 1253 1254 1327 1328 1329 1342 1343 1344 1267 1268 1269 1255 1256 1257 1330 1331 1332 1345 1346 1347 1270 1271 1272 
523 524 525 1192 1193 1194 1207 1208 1209 538 539 540 526 527 528 1195 1196 1197 1210 1211 1212 541 542 543 
1192 1193 1194 1267 1268 1269 1282 1283 1284 1207 1208 1209 1195 1196 1197 1270 1271 1272 1285 1286 1287 1210 1211 1212 
1267 1268 1269 1342 1343 1344 1357 1358 1359 1282 1283 1284 1270 1271 1272 1345 1346 1347 1360 1361 1362 1285 1286 1287 
208 209 210 646 647 648 1150 1151 1152 481 482 483 211 212 213 649 650 651 1153 1154 1155 484 485 486 
646 647 648 754 755 756 1225 1226 1227 1150 1151 1152 649 650 651 757 758 759 1228 1229 1230 1153 1154 1155 
754 755 756 862 863 864 1300 1301 1302 1225 1226 1227 757 758 759 865 866 867 1303 1304 1305 1228 1229 1230 
481 482 483 1150 1151 1152 1165 1166 1167 496 497 498 484 485 486 1153 1154 1155 1168 1169 1170 499 500 501 
1150 1151 1152 1225 1226 1227 1240 1241 1242 1165 1166 1167 1153 1154 1155 1228 1229 1230 1243 1244 1245 1168 1169 1170 
1225 1226 1227 1300 1301 1302 1315 1316 1317 1240 1241 1242 1228 1229 1230 1303 1304 1305 1318 1319 1320 1243 1244 1245 
496 497 498 1165 1166 1167 1180 1181 1182 511 512 513 499 500 501 1168 1169 1170 1183 1184 1185 514 515 516 
1165 1166 1167 1240 1241 1242 1255 1256 1257 1180 1181 1182 1168 1169 1170 1243 1244 1245 1258 1259 1260 1183 1184 1185 
1240 1241 1242 1315 1316 1317 1330 1331 1332 1255 1256 1257 1243 1244 1245 1318 1319 1320 1333 1334 1335 1258 1259 1260 
511 512 513 1180 1181 1182 1195 1196 1197 526 527 528 514 515 516 1183 1184 1185 1198 1199 1200 529 530 531 
1180 1181 1182 1255 1256 1257 1270 1271 1272 1195 1196 1197 1183 1184 1185 1258 1259 1260 1273 1274 1275 1198 1199 1200 
1255 1256 1257 1330 1331 1332 1345 1346 1347 1270 1271 1272 1258 1259 1260 1333 1334 1335 1348 1349 1350 1273 1274 1275 
526 527 528 1195 1196 1197 1210 1211 1212 541 542 543 529 530 531 1198 1199 1200 1213 1214 1215 544 545 546 
1195 1196 1197 1270 1271 1272 1285 1286 1287 1210 1211 1212 1198 1199 1200 1273 1274 1275 1288 1289 1290 1213 1214 1215 
1270 1271 1272 1345 1346 1347 1360 1361 1362 1285 1286 1287 1273 1274 1275 1348 1349 1350 1363 1364 1365 1288 1289 1290 
211 212 213 649 650 651 1153 1154 1155 484 485 486 214 215 216 652 653 654 946 947 948 382 383 384 
649 650 651 757 758 759 1228 1229 1230 1153 1154 1155 652 653 654 760 761 762 1036 1037 1038 946 947 948 
757 758 759 865 866 867 1303 1304 1305 1228 1229 1230 760 761 762 868 869 870 1126 1127 1128 1036 1037 1038 
484 485 486 1153 1154 1155 1168 1169 1170 499 500 501 382 383 384 946 947 948 949 950 951 385 386 387 
1153 1154 1155 1228 1229 1230 1243 1244 1245 1168 1169 1170 946 947 948 1036 1037 1038 1039 1040 1041 949 950 951 
1228 1229 1230 1303 1304 1305 1318 1319 1320 1243 1244 1245 1036 1037 1038 1126 1127 1128 1129 1130 1131 1039 1040 1041 
499 500 501 1168 1169 1170 1183 1184 1185 514 515 516 385 386 387 949 950 951 952 953 954 388 389 390 
1168 1169 1170 1243 1244 1245 1258 1259 1260 1183 1184 1185 949 950 951 1039 1040 1041 1042 1043 1044 952 953 954 
1243 1244 1245 1318 1319 1320 1333 1334 1335 1258 1259 1260 1039 1040 1041 1129 1130 1131 1132 1133 1134 1042 1043 1044 
514 515 516 1183 1184 1185 1198 1199 1200 529 530 531 388 389 390 952 953 954 955 956 957 391 392 393 
1183 1184 1185 1258 1259 1260 1273 1274 1275 1198 1199 1200 952 953 954 1042 1043 1044 1045 1046 1047 955 956 957 
1258 1259 1260 1333 1334 1335 1348 1349 1350 1273 1274 1275 1042 1043 1044 1132 1133 1134 1135 1136 1137 1045 1046 1047 
529 530 531 1198 1199 1200 1213 1214 1215 544 545 546 391 392 393 955 956 957 958 959 960 394 395 396 
1198 1199 1200 1273 1274 1275 1288 1289 1290 1213 1214 1215 955 956 957 1045 1046 1047 1048 1049 1050 958 959 960 
1273 1274 1275 1348 1349 1350 1363 1364 1365 1288 1289 1290 1045 1046 1047 1135 1136 1137 1138 1139 1140 1048 1049 1050 
763 764 765 1366 1367 1368 1384 1385 1386 781 782 783 766 767 768 1369 1370 1371 1387 1388 1389 784 785 786 
781 782 783 1384 1385 1386 1402 1403 1404 799 800 801 784 785 786 1387 1388 1389 1405 1406 1407 802 803 804 
799 800 801 1402 1403 1404 1420 1421 1422 817 818 819 802 803 804 1405 1406 1407 1423 1424 1425 820 821 822 
817 818 819 1420 1421 1422 1438 1439 1440 835 836 837 820 821 822 1423 1424 1425 1441 1442 1443 838 839 840 
835 836 837 1438 1439 1440 1456 1457 1458 853 854 855 838 839 840 1441 1442 1443 1459 1460 1461 856 857 858 
766 767 768 1369 1370 1371 1387 1388 1389 784 785 786 769 770 771 1372 1373 1374 1390 1391 1392 787 788 789 
784 785 786 1387 1388 1389 1405 1406 1407 802 803 804 787 788 789 1390 1391 1392 1408 1409 1410 805 806 807 
802 803 804 1405 1406 1407 1423 1424 1425 820 821 822 805 806 807 1408 1409 1410 1426 1427 1428 823 824 825 
820 821 822 1423 1424 1425 1441 1442 1443 838 839 840 823 824 825 1426 1427 1428 1444 1445 1446 841 842 843 
838 839 840 1441 1442 1443 1459 1460 1461 856 857 858 841 842 843 1444 1445 1446 1462 1463 1464 859 860 861 
769 770 771 1372 1373 1374 1390 1391 1392 787 788 789 772 773 774 1375 1376 1377 1393 1394 1395 790 791 792 
787 788 789 1390 1391 1392 1408 1409 1410 805 806 807 790 791 792 1393 1394 1395 1411 1412 1413 808 809 810 
805 806 807 1408 1409 1410 1426 1427 1428 823 824 825 808 809 810 1411 1412 1413 1429 1430 1431 826 827 828 
823 824 825 1426 1427 1428 1444 1445 1446 841 842 843 826 827 828 1429 1430 1431 1447 1448 1449 844 845 846 
841 842 843 1444 1445 1446 1462 1463 1464 859 860 861 844 845 846 1447 1448 1449 1465 1466 1467 862 863 864 
772 773 774 1375 1376 1377 1393 1394 1395 790 791 792 775 776 777 1378 1379 1380 1396 1397 1398 793 794 795 
790 791 792 1393 1394 1395 1411 1412 1413 808 809 810 793 794 795 1396 1397 1398 1414 1415 1416 811 812 813 
808 809 810 1411 1412 1413 1429 1430 1431 826 827 828 811 812 813 1414 1415 1416 1432 1433 1434 829 830 831 
826 827 828 1429 1430 1431 1447 1448 1449 844 845 846 829 830 831 1432 1433 1434 1450 1451 1452 847 848 849 
844 845 846 1447 1448 1449 1465 1466 1467 862 863 864 847 848 849 1450 1451 1452 1468 1469 1470 865 866 867 
775 776 777 1378 1379 1380 1396 1397 1398 793 794 795 778 779 780 1381 1382 1383 1399 1400 1401 796 797 798 
793 794 795 1396 1397 1398 1414 1415 1416 811 812 813 796 797 798 1399 1400 1401 1417 1418 1419 814 815 816 
811 812 813 1414 1415 1416 1432 1433 1434 829 830 831 814 815 816 1417 1418 1419 1435 1436 1437 832 833 834 
829 830 831 1432 1433 1434 1450 1451 1452 847 848 849 832 833 834 1435 1436 1437 1453 1454 1455 850 851 852 
847 848 849 1450 1451 1452 1468 1469 1470 865 866 867 850 851 852 1453 1454 1455 1471 1472 1473 868 869 870 
778 779 780 1381 1382 1383 1399 1400 1401 796 797 798 1051 1052 1053 1474 1475 1476 1489 1490 1491 1066 1067 1068 
796 797 798 1399 1400 1401 1417 1418 1419 814 815 816 1066 1067 1068 1489 1490 1491 1504 1505 1506 1081 1082 1083 
814 815 816 1417 1418 1419 1435 1436 1437 832 833 834 1081 1082 1083 1504 1505 1506 1519 1520 1521 1096 1097 1098 
832 833 834 1435 1436 1437 1453 1454 1455 850 851 852 1096 1097 1098 1519 1520 1521 1534 1535 1536 1111 1112 1113 
850 851 852 1453 1454 1455 1471 1472 1473 868 869 870 1111 1112 1113 1534 1535 1536 1549 1550 1551 1126 1127 1128 
1051 1052 1053 1474 1475 1476 1489 1490 1491 1066 1067 1068 1054 1055 1056 1477 1478 1479 1492 1493 1494 1069 1070 1071 
1066 1067 1068 1489 1490 1491 1504 1505 1506 1081 1082 1083 1069 1070 1071 1492 1493 1494 1507 1508 1509 1084 1085 1086 
1081 1082 1083 1504 1505 1506 1519 1520 1521 1096 1097 1098 1084 1085 1086 1507 1508 1509 1522 1523 1524 1099 1100 1101 
1096 1097 1098 1519 1520 1521 1534 1535 1536 1111 1112 1113 1099 1100 1101 1522 1523 1524 1537 1538 1539 1114 1115 1116 
1111 1112 1113 1534 1535 1536 1549 1550 1551 1126 1127 1128 1114 1115 1116 1537 1538 1539 1552 1553 1554 1129 1130 1131 
1054 1055 1056 1477 1478 1479 1492 1493 1494 1069 1070 1071 1057 1058 1059 1480 1481 1482 1495 1496 1497 1072 1073 1074 
1069 1070 1071 1492 1493 1494 1507 1508 1509 1084 1085 1086 1072 1073 1074 1495 1496 1497 1510 1511 1512 1087 1088 1089 
1084 1085 1086 1507 1508 1509 1522 1523 1524 1099 1100 1101 1087 1088 1089 1510 1511 1512 1525 1526 1527 1102 1103 1104 
1099 1100 1101 1522 1523 1524 1537 1538 1539 1114 1115 1116 1102 1103 1104 1525 1526 1527 1540 1541 1542 1117 1118 1119 
1114 1115 1116 1537 1538 1539 1552 1553 1554 1129 1130 1131 1117 1118 1119 1540 1541 1542 1555 1556 1557 1132 1133 1134 
1057 1058 1059 1480 1481 1482 1495 1496 1497 1072 1073 1074 1060 1061 1062 1483 1484 1485 1498 1499 1500 1075 1076 1077 
1072 1073 1074 1495 1496 1497 1510 1511 1512 1087 1088 1089 1075 1076 1077 1498 1499 1500 1513 1514 1515 1090 1091 1092 
1087 1088 1089 1510 1511 1512 1525 1526 1527 1102 1103 1104 1090 1091 1092 1513 1514 1515 1528 1529 1530 1105 1106 1107 
1102 1103 1104 1525 1526 1527 1540 1541 1542 1117 1118 1119 1105 1106 1107 1528 1529 1530 1543 1544 1545 1120 1121 1122 
1117 1118 1119 1540 1541 1542 1555 1556 1557 1132 1133 1134 1120 1121 1122 1543 1544 1545 1558 1559 1560 1135 1136 1137 
1060 1061 1062 1483 1484 1485 1498 1499 1500 1075 1076 1077 1063 1064 1065 1486 1487 1488 1501 1502 1503 1078 1079 1080 
1075 1076 1077 1498 1499 1500 1513 1514 1515 1090 1091 1092 1078 1079 1080 1501 1502 1503 1516 1517 1518 1093 1094 1095 
1090 1091 1092 1513 1514 1515 1528 1529 1530 1105 1106 1107 1093 1094 1095 1516 1517 1518 1531 1532 1533 1108 1109 1110 
1105 1106 1107 1528 1529 1530 1543 1544 1545 1120 1121 1122 1108 1109 1110 1531 1532 1533 1546 1547 1548 1123 1124 1125 
1120 1121 1122 1543 1544 1545 1558 1559 1560 1135 1136 1137 1123 1124 1125 1546 1547 1548 1561 1562 1563 1138 1139 1140 
853 854 855 1456 1457 1458 1564 1565 1566 1291 1292 1293 856 857 858 1459 1460 1461 1567 1568 1569 1294 1295 1296 
1291 1292 1293 1564 1565 1566 1579 1580 1581 1306 1307 1308 1294 1295 1296 1567 1568 1569 1582 1583 1584 1309 1310 1311 
1306 1307 1308 1579 1580 1581 1594 1595 1596 1321 1322 1323 1309 1310 1311 1582 1583 1584 1597 1598 1599 1324 1325 1326 
1321 1322 1323 1594 1595 1596 1609 1610 1611 1336 1337 1338 1324 1325 1326 1597 1598 1599 1612 1613 1614 1339 1340 1341 
1336 1337 1338 1609 1610 1611 1624 1625 1626 1351 1352 1353 1339 1340 1341 1612 1613 1614 1627 1628 1629 1354 1355 1356 
856 857 858 1459 1460 1461 1567 1568 1569 1294 1295 1296 859 860 861 1462 1463 1464 1570 1571 1572 1297 1298 1299 
1294 1295 1296 1567 1568 1569 1582 1583 1584 1309 1310 1311 1297 1298 1299 1570 1571 1572 1585 1586 1587 1312 1313 1314 
1309 1310 1311 1582 1583 1584 1597 1598 1599 1324 1325 1326 1312 1313 1314 1585 1586 1587 1600 1601 1602 1327 1328 1329 
1324 1325 1326 1597 1598 1599 1612 1613 1614 1339 1340 1341 1327 1328 1329 1600 1601 1602 1615 1616 1617 1342 1343 1344 
1339 1340 1341 1612 1613 1614 1627 1628 1629 1354 1355 1356 1342 1343 1344 1615 1616 1617 1630 1631 1632 1357 1358 1359 
859 860 861 1462 1463 1464 1570 1571 1572 1297 1298 1299 862 863 864 1465 1466 1467 1573 1574 1575 1300 1301 1302 
1297 1298 1299 1570 1571 1572 1585 1586 1587 1312 1313 1314 1300 1301 1302 1573 1574 1575 1588 1589 1590 1315 1316 1317 
1312 1313 1314 1585 1586 1587 1600 1601 1602 1327 1328 1329 1315 1316 1317 1588 1589 1590 1603 1604 1605 1330 1331 1332 
1327 1328 1329 1600 1601 1602 1615 1616 1617 1342 1343 1344 1330 1331 1332 1603 1604 1605 1618 1619 1620 1345 1346 1347 
1342 1343 1344 1615 1616 1617 1630 1631 1632 1357 1358 1359 1345 1346 1347 1618 1619 1620 1633 1634 1635 1360 1361 1362 
862 863 864 1465 1466 1467 1573 1574 1575 1300 1301 1302 865 866 867 1468 1469 1470 1576 1577 1578 1303 1304 1305 
1300 1301 1302 1573 1574 1575 1588 1589 1590 1315 1316 1317 1303 1304 1305 1576 1577 1578 1591 1592 1593 1318 1319 1320 
1315 1316 1317 1588 1589 1590 1603 1604 1605 1330 1331 1332 1318 1319 1320 1591 1592 1593 1606 1607 1608 1333 1334 1335 
1330 1331 1332 1603 1604 1605 1618 1619 1620 1345 1346 1347 1333 1334 1335 1606 1607 1608 1621 1622 1623 1348 1349 1350 
1345 1346 1347 1618 1619 1620 1633 1634 1635 1360 1361 1362 1348 1349 1350 1621 1622 1623 1636 1637 1638 1363 1364 1365 
865 866 867 1468 1469 1470 1576 1577 1578 1303 1304 1305 868 869 870 1471 1472 1473 1549 1550 1551 1126 1127 1128 
1303 1304 1305 1576 1577 1578 1591 1592 1593 1318 1319 1320 1126 1127 1128 1549 1550 1551 1552 1553 1554 1129 1130 1131 
1318 1319 1320 1591 1592 1593 1606 1607 1608 1333 1334 1335 1129 1130 1131 1552 1553 1554 1555 1556 1557 1132 1133 1134 
1333 1334 1335 1606 1607 1608 1621 1622 1623 1348 1349 1350 1132 1133 1134 1555 1556 1557 1558 1559 1560 1135 1136 1137 
1348 1349 1350 1621 1622 1623 1636 1637 1638 1363 1364 1365 1135 1136 1137 1558 1559 1560 1561 1562 1563 1138 1139 1140 
