876 466
    9    456     16
  170    171    172
  173    174    175
  176    177    178
   53    167     24
  465    464     33
  382    403    385
  179    180    181
  182    183    184
  185    186    187
  158    447    147
  169    462     48
   24    168     55
   81    289     83
  404    292     84
    1    192     15
  188    189    190
  191    192    193
  194    195    196
  197    198    199
  200    201    202
   49     52     50
   21    169     13
   48    163     51
   13    153     21
  405    387     71
   48     50     13
    3     28     29
  406    389    134
   32    407     13
   30     23     29
  325    399    408
  203    204    205
  150    457     33
  206    207    208
  209    210    211
  151    125    122
    6     36     28
   30    466     23
   29     28     30
  152    457     14
   20     50     48
  153    439    148
   58    154     31
   36    464     30
  212    213    214
  460    463    461
  215    216    217
   28     36     30
  112    329    111
    6    165     36
  218    219    220
  409    390    392
  113    114    101
  221    222    223
  118    119    120
  224    225    226
  122    123     89
   87    410    156
  411    342    124
  227    228    229
  230    231    232
  233    234    235
  151    158    128
  236    237    238
  239    240    241
  442    448    456
  160    396     74
  242    243    244
  357    358    359
   52     49      2
   31    161     50
   20     49     50
   13    161     32
  458    452    133
   94    412    163
   51     20     48
   52     31     50
   24    152     53
  245    246    247
  248    249    250
  251    249    252
   55    466     24
  360    413    363
  253    254    255
  256    257    258
  112    164    119
  414    366    136
  368    371    415
   85    142    111
  113    445    110
  259    260    261
  143    459    165
  294    416    401
   63    120     12
  139    417     63
  262    263    264
  265    266    267
  418    379     67
  118    435    114
  170    268    269
  171    270    271
  172    380    419
  173    272    273
  174    274    275
  175    421     21
  179    276    277
  180    278    279
   74    420     19
  182    275    280
  183    281    282
  421    184     76
  185    283    284
  186    285    286
  187    287    288
  289    290    291
   83    440     81
  422    393    388
  423    404     85
  292    293    294
   85    400     35
   41    188     88
  189    295    296
   88    424     17
  194    374    339
  195    297    298
  196    299    300
  197    425    420
  198    279    301
  199    302    303
  200    304    305
  201    306    307
  202    308    309
  203    310    311
  204    312    274
  205    273    313
  206    314    315
  207    316    285
  208    284    317
  209    318    319
  210    320    321
  211    332    426
  427    212    106
  213    322    323
  214    324    325
  215    326    327
  216    328    293
  217    423    428
   59    112    111
   60    110    112
  329    330    331
  218    317    332
  219    321    324
  220    323    314
  114    316    101
  315    444    113
   60    114    113
  221    333    334
  222    335    336
  223    337    338
   12    120    119
  120    434    118
   60    119    118
  224    339    270
  225    269    340
  226    341    297
  123    295     89
   41    122     89
    5    123    122
  411    429    353
  342    343    344
    5    125    124
  227    345    346
  228    347    348
  229    349    350
  233    351    304
  234    309    312
  235    311    352
  236    348    299
  237    298    343
  238    353    349
  242    354    302
  243    301    176
  244    355    356
  357    280    308
  358    307    278
  359    277    281
  360    361    362
   22    413    135
  363    364    365
  253    426    333
  254    338    310
  255    313    318
  256    346    351
  257    352    337
  258    336    347
   58    414    137
  366    367    248
  137    443     32
  368    369    370
  371    372    373
  430    415    139
   59    111    142
   85    331     61
   35    142     85
  259    431    328
  260    327    322
  261    427    432
  262    334    283
  263    288    374
  264    300    335
  265    375    287
  266    286    376
  267    377    378
  433    271    375
  418    378    372
  379    370    380
  434    377    144
  435    376     39
   60    118    114
  381    382    383
  384    385    386
   17    436     88
   21    148     71
  405    437    290
  387    388    272
  149    365     53
   14    406    149
  389    291    361
  438    398    155
  460    449    150
    5    122    125
   41    151    122
  151    429    125
  152    149     53
   21    153    148
   22    135    153
  439    362    437
  154    137     32
  155    440     14
  390    391    320
  392    319    393
  191    410    441
  395    231    442
  158    345    128
  151    350     44
   41    158    151
  239    305    394
  240    395    381
  241    397    306
   21     76    160
  396    282    276
   19    160     74
  161    154     32
   13     50    161
  162    246     54
   51    412      7
   24     33    152
  443    250    245
   12    119    164
   60    112    119
   59    164    112
   60    113    110
  444    326    108
  445    428    330
  165    461     36
  166    446      6
  120    417     66
   63      4    139
  397    383    177
   88    447     41
  391    398    399
  152     14    149
  154     58    137
  161     31    154
  355    178    384
  167    162     54
  158    451     43
  167    251    168
  448    450    156
  169    160     19
  462    453    163
  153    407     22
  106    449     34
  446    455    165
  450    424     87
  451    232    394
   53    452    162
  453    425     94
  168    454     55
  455    431    143
  400    401    402
  167     53    162
  168     24    167
  169     21    160
   48     13    169
   67    172    171
   68    170    172
   69    171    170
   70    175    174
   71    173    175
   72    174    173
  146    178    177
  131    176    178
   18    177    176
   73    181    180
   74    179    181
   75    180    179
   76    184    183
   70    182    184
   77    183    182
   78    187    186
   79    185    187
   80    186    185
   87    190    189
   88    188    190
   89    189    188
   16    193    192
  156    191    193
   15    192    191
   90    196    195
   91    194    196
   92    195    194
   93    199    198
   94    197    199
   73    198    197
   95    202    201
   96    200    202
   97    201    200
   72    205    204
   98    203    205
   99    204    203
   80    208    207
  100    206    208
  101    207    206
  102    211    210
  103    209    211
  104    210    209
  105    214    213
  106    212    214
  107    213    212
   86    217    216
  108    215    217
  109    216    215
  105    220    219
  100    218    220
  102    219    218
  115    223    222
  116    221    223
  117    222    221
  121    226    225
   92    224    226
   69    225    224
  127    229    228
  128    227    229
  129    228    227
  157    232    231
  147    230    232
   17    231    230
   99    235    234
  130    233    235
   96    234    233
  126    238    237
  127    236    238
   90    237    236
  159    241    240
   97    239    241
  157    240    239
  131    244    243
  132    242    244
   93    243    242
   22    247    246
   32    245    247
   54    246    245
   54    250    249
  136    248    250
    8    249    248
    8    252    249
  168    251    252
   54    249    251
   98    255    254
  103    253    255
  116    254    253
  115    258    257
  129    256    258
  130    257    256
  107    261    260
  143    259    261
  109    260    259
   91    264    263
  117    262    264
   79    263    262
  144    267    266
  145    265    267
   78    266    265
   11    269    268
   69    170    269
   68    268    170
   65    271    270
   67    171    271
   69    270    171
   25    273    272
   72    173    273
   71    272    173
   10    275    274
   70    174    275
   72    274    174
   47    277    276
   75    179    277
   74    276    179
   18    279    278
   73    180    279
   75    278    180
   10    280    275
   77    182    280
   70    275    182
   47    282    281
   76    183    282
   77    281    183
   38    284    283
   80    185    284
   79    283    185
   39    286    285
   78    186    286
   80    285    186
   65    288    287
   79    187    288
   78    287    187
   56    291    290
   83    289    291
   82    290    289
   62    294    293
   84    292    294
   86    293    292
   40    296    295
   87    189    296
   89    295    189
   42    298    297
   90    195    298
   92    297    195
   27    300    299
   91    196    300
   90    299    196
   18    301    279
   93    198    301
   73    279    198
    7    303    302
   94    199    303
   93    302    199
   43    305    304
   97    200    305
   96    304    200
   18    307    306
   95    201    307
   97    306    201
   10    309    308
   96    202    309
   95    308    202
   57    311    310
   99    203    311
   98    310    203
   10    274    312
   72    204    274
   99    312    204
   25    313    273
   98    205    313
   72    273    205
   26    315    314
  101    206    315
  100    314    206
   39    285    316
   80    207    285
  101    316    207
   38    317    284
  100    208    317
   80    284    208
   25    319    318
  104    209    319
  103    318    209
   37    321    320
  102    210    321
  104    320    210
   26    323    322
  105    213    323
  107    322    213
   37    325    324
  106    214    325
  105    324    214
   26    327    326
  109    215    327
  108    326    215
   62    293    328
   86    216    293
  109    328    216
   61    331    330
  111    329    331
  110    330    329
   38    332    317
  102    218    332
  100    317    218
   37    324    321
  105    219    324
  102    321    219
   26    314    323
  100    220    314
  105    323    220
   38    334    333
  117    221    334
  116    333    221
   27    336    335
  115    222    336
  117    335    222
   57    338    337
  116    223    338
  115    337    223
   65    270    339
   69    224    270
   92    339    224
   11    340    269
  121    225    340
   69    269    225
   42    297    341
   92    226    297
  121    341    226
   42    344    343
  124    342    344
  126    343    342
   43    346    345
  129    227    346
  128    345    227
   27    348    347
  127    228    348
  129    347    228
   44    350    349
  128    229    350
  127    349    229
   43    304    351
   96    233    304
  130    351    233
   10    312    309
   99    234    312
   96    309    234
   57    352    311
  130    235    352
   99    311    235
   27    299    348
   90    236    299
  127    348    236
   42    343    298
  126    237    343
   90    298    237
   44    349    353
  127    238    349
  126    353    238
    7    302    354
   93    242    302
  132    354    242
   18    176    301
  131    243    176
   93    301    243
   46    356    355
  132    244    356
  131    355    244
   10    308    280
   95    357    308
   77    280    357
   18    278    307
   75    358    278
   95    307    358
   47    281    277
   77    359    281
   75    277    359
   56    362    361
  135    360    362
  134    361    360
   53    365    364
  134    363    365
  133    364    363
   57    310    338
   98    254    310
  116    338    254
   25    318    313
  103    255    318
   98    313    255
   57    337    352
  115    257    337
  130    352    257
   27    347    336
  129    258    347
  115    336    258
    8    248    367
  136    366    248
  138    367    366
   64    370    369
  141    368    370
  140    369    368
   66    373    372
  139    371    373
  141    372    371
   26    322    327
  107    260    322
  109    327    260
   38    283    334
   79    262    283
  117    334    262
   65    374    288
   91    263    374
   79    288    263
   27    335    300
  117    264    335
   91    300    264
   65    287    375
   78    265    287
  145    375    265
   39    376    286
  144    266    376
   78    286    266
   66    378    377
  145    267    378
  144    377    267
   64    380    370
   67    379    380
  141    370    379
  146    383    382
  159    381    383
   45    382    381
    9    386    385
   46    384    386
  146    385    384
   25    272    388
   71    387    272
   82    388    387
   56    361    291
  134    389    361
   83    291    389
   37    320    391
  104    390    320
  155    391    390
   25    393    319
   81    392    393
  104    319    392
   43    394    305
  157    239    394
   97    305    239
   45    381    395
  159    240    381
  157    395    240
   47    276    282
   74    396    276
   76    282    396
  146    177    383
   18    397    177
  159    383    397
  150    399    398
   37    391    399
  155    398    391
  146    384    178
   46    355    384
  131    178    355
  166    402    401
   35    400    402
   84    401    400
    9    385    403
  146    382    385
   45    403    382
  289    422     82
   84     85    404
    1     16    192
   71    148    405
  134    149    406
  407    247     22
  150    408    399
  106    325    408
   37    399    325
  112    110    329
  104    392    390
   81    409    392
  155    390    409
  410    296     40
  124    125    411
  160     76    396
   75    359    358
   77    357    359
   95    358    357
  412    303      7
  133    363    413
  134    360    363
  135    413    360
  136    137    414
  139    415    371
  140    368    415
  141    371    368
  166    401    416
   84    294    401
   62    416    294
  417    373     66
  418    433    145
   64    419    380
   68    172    419
   67    380    172
   21     71    175
  420    181     73
   76     21    421
   25    388    393
   82    422    388
   81    393    422
   85     61    423
   85     84    400
   41     89    188
  424    190     87
   65    339    374
   92    194    339
   91    374    194
   19    420    425
   73    197    420
   94    425    197
   38    426    332
  103    211    426
  102    332    211
  106     34    427
   61    428    423
  108    217    428
   86    423    217
  114     39    316
  113    101    315
  123     40    295
   44    353    429
  126    411    353
  125    429    411
   22    133    413
   38    333    426
  116    253    333
  103    426    253
   43    351    346
  130    256    351
  129    346    256
   58    138    414
  139      4    430
   85    111    331
   62    328    431
  109    259    328
  143    431    259
   34    432    427
  143    261    432
  107    427    261
   65    375    271
  145    433    375
   67    271    433
   66    372    378
  141    418    372
  145    378    418
  144    118    434
   39    114    435
  436    230    147
   56    290    437
   82    405    290
  148    437    405
  149    134    365
   14     83    406
  155     14    438
  151     44    429
   56    437    362
  148    439    437
  135    362    439
  440    409     81
   40    441    410
   15    191    441
  156    410    191
   17    442    231
   45    395    442
  157    231    395
  158     43    345
  151    128    350
   18    306    397
   97    241    306
  159    397    241
  246    458     22
   51    163    412
   54    245    250
   32    443    245
  136    250    443
  108    113    444
   61    330    428
  110    445    330
  108    428    445
  446    416     62
  120     63    417
  447    436    147
  167     54    251
  448    193     16
  153     13    407
  449    408    150
  165      6    446
   87    156    450
  157    394    232
   43    451    394
  147    232    451
  452    364    133
   94    163    453
  454    252      8
  143    165    455
  289     81    422
  407     32    247
  410     87    296
  412     94    303
  417    139    373
  418     67    433
  420     74    181
  424     88    190
  436     17    230
  440    155    409
  446    166    416
  447     88    436
  448    156    193
  449    106    408
  452     53    364
  454    168    252
  456    403     45
  158     41    447
  404     86    292
  405     82    387
  406     83    389
  457    438     14
  152     33    457
  153    135    439
  411    126    342
   16    456    448
   45    442    456
   17    448    442
  133     22    458
  414    138    366
  113    108    445
  459    432     34
  418    141    379
  118    144    435
  175     70    421
  421     70    184
   83     14    440
  423     86    404
  427    107    212
  315     26    444
  120     66    434
  137    136    443
  430    140    415
  434     66    377
  435    144    376
  438    150    398
  150     33    460
  444     26    326
  461    459     34
  158    147    451
  448     17    450
  163     48    462
  446     62    455
  450     17    424
  453     19    425
  455     62    431
  246    162    458
  456      9    403
  457    150    438
  459    143    432
  461    165    459
  169     19    462
   36    461    463
   34    460    461
   33    463    460
  458    162    452
  460     34    449
  462     19    453
  464    463     33
  464     36    463
   33     24    465
  466    465     24
   55     23    466
  466     30    465
  465     30    464
